100
0 68.4761793355 75.0750682694
1 42.5079199396 25.2154037793
2 99.890413674 45.2990620166
3 48.5990007403 45.6493717977
4 69.3480095872 37.041140945
5 1.72936220424 75.5601653676
6 81.1894612716 67.858781122
7 99.1500637596 41.1154851266
8 67.0864806943 92.2337176423
9 69.4521406313 73.2174270695
10 52.6351840365 37.5151473569
11 98.2310624784 73.0948349008
12 18.207014496 81.9979156888
13 84.3312976146 81.7289442106
14 84.773306031 62.994298877
15 82.1694330411 47.242884052
16 11.0075186146 43.143746513
17 53.2358572568 27.7299016536
18 75.2651150604 58.2491815437
19 90.7955455823 16.7961074637
20 16.0735343635 27.6760600087
21 45.044778535 81.1496294968
22 10.3826436015 27.3798264518
23 35.9348161877 60.6190943781
24 34.4852255525 80.9728770442
25 86.6843445732 0.460790540777
26 22.0120377019 47.7737382367
27 93.5765161602 85.7039094951
28 3.71634770092 58.5129397878
29 70.9848265308 24.7385839985
30 72.8688137529 90.8177429918
31 71.3377361533 50.7469663656
32 84.750900061 34.2736562202
33 18.615654721 63.6709149217
34 22.2090490188 78.0327971066
35 92.6337076224 59.6110657166
36 59.2600902471 46.0974003613
37 44.6453126927 6.62904244173
38 93.1703120797 89.4967797709
39 28.4698470142 79.1807101323
40 28.4306182708 6.9860236569
41 2.66289008782 85.8560679471
42 18.0414330008 57.3467838472
43 42.2774314047 73.7668301728
44 32.5195370131 69.4964478941
45 42.2020923628 4.28287571315
46 79.8074721992 42.9163735314
47 64.5291028041 39.7828038931
48 58.5149029703 2.4932177455
49 53.5147422293 34.5898668301
50 65.6035059165 1.37038643779
51 18.1986041868 8.13776450179
52 57.3761203355 88.065717567
53 59.3016915635 17.0182780236
54 84.3428636705 18.0321959296
55 83.8556121775 79.2741295398
56 79.6986682626 59.7279218822
57 81.6723088163 41.5186949801
58 92.2970087595 83.2274246887
59 32.5187890166 6.69826950309
60 50.3552838336 22.3461072382
61 69.7427666354 1.7183741154
62 44.6208238094 79.9518654266
63 47.5337790095 14.1538103409
64 8.99908504669 77.7159364935
65 99.0612244816 73.1864817397
66 29.473176199 98.8078523476
67 36.6550195875 36.5856149484
68 29.4394434754 87.5518048977
69 38.7907601781 5.8546058238
70 93.4127786439 21.1106155431
71 10.3845925186 86.3266398774
72 48.9125795955 49.6383945594
73 65.3126652136 82.3794408409
74 3.86669108601 67.0168424175
75 12.1614322978 4.69220423746
76 97.9519568229 70.3922459923
77 76.059350226 9.36727836502
78 77.1658605249 3.39129190894
79 88.0536906021 67.8092952943
80 78.1275845535 62.0356996883
81 95.605090199 13.0095980506
82 85.7544389185 2.89459029478
83 95.8308811542 21.3577764524
84 32.3009400112 79.9656150493
85 46.7695561169 5.35711943671
86 51.7286118088 58.2327504866
87 18.6742063102 34.3386614256
88 58.8766367934 96.8473017406
89 24.5873327171 81.0487417491
90 51.3104204434 45.9031713454
91 25.0795832139 49.3221806868
92 76.2567735456 64.6174947611
93 98.4406311741 2.77914490895
94 34.8899320761 31.5035546976
95 5.48415013306 20.0570318376
96 75.0610598376 99.9680884547
97 23.8983353552 43.743215882
98 71.5153278689 36.8237003675
99 86.206063714 40.0730864043
