100
0 41.5500782419 50.3168900398
1 51.209842883 15.8226993946
2 63.0474074265 4.55119896912
3 15.4886065002 66.5949071779
4 20.0648600153 10.2087237351
5 38.7544142555 5.2983904251
6 17.5999494807 6.89611003447
7 78.5364240964 74.7089867724
8 1.50023464129 36.1525016699
9 17.8726838818 63.6978345959
10 67.5147077305 26.8997222733
11 42.4651489535 31.5906855185
12 50.7289229926 67.560733219
13 7.72659140455 32.4489277442
14 60.8867090196 69.4947601114
15 0.810875243104 46.0748623335
16 74.9599801811 99.0897945443
17 85.723289441 45.8998802695
18 51.5300277251 44.8587325243
19 84.8020077271 97.0507023528
20 27.681923019 17.9560413411
21 61.1194872091 91.7528162671
22 63.8648094971 80.3737928729
23 67.3761233119 56.4392338249
24 27.4300580236 80.743400258
25 28.189216348 75.8196293588
26 42.9273219 48.8503550183
27 69.7242745862 44.4812047865
28 26.667912834 45.2890349207
29 5.99593905844 54.3944368531
30 27.2071712876 43.2840229983
31 70.8214127236 69.3021709917
32 60.0009661032 10.9578115324
33 64.4252071526 88.8431338594
34 39.0666576215 79.3120016601
35 31.9777862493 65.2601421256
36 16.3499501571 83.0110171857
37 21.7027588709 31.9538263242
38 6.45796254462 44.147480743
39 8.09876726694 51.6119625519
40 96.3576971699 16.2193764347
41 23.5077221905 14.7102508365
42 1.70849075061 10.2895905945
43 88.1349626033 71.7289397589
44 43.8918840532 47.0483329818
45 52.9440138242 67.432953467
46 19.7602012688 54.7762949457
47 27.8804192777 32.5647925831
48 11.3737486648 25.9355237754
49 56.8772430594 47.2142735097
50 94.8922545073 60.1363596803
51 74.7383627609 88.3512783002
52 32.5587395628 29.1858586459
53 64.6104467547 89.559512983
54 5.18076312457 33.4565327032
55 23.1994642078 53.1465412144
56 5.94136659281 86.5368493847
57 80.1632979398 11.3015599507
58 51.064360303 60.7204368837
59 67.6992986541 97.3336218106
60 94.2710477352 26.3356503979
61 32.3701201019 0.55130526166
62 56.3685311378 24.5177899131
63 53.3413742545 13.6794431859
64 84.0041018095 79.9649155299
65 10.6995457475 95.0242299459
66 37.166540546 24.5021681091
67 85.0681648496 42.6768300743
68 66.5033784812 58.466366147
69 2.48787212195 34.9748467776
70 47.8814110246 99.1178100238
71 43.2722677912 40.4149717118
72 34.7224972523 73.3519260372
73 47.6484425158 75.8108002906
74 5.18347126884 83.1114322985
75 31.0167197206 74.2901908141
76 14.3566560907 63.3009030336
77 98.2335943694 30.8090180174
78 18.6416474899 83.1114001516
79 61.6978047117 68.4088382511
80 51.1584236504 70.0943238026
81 54.0865009995 50.2240310636
82 85.8501667403 76.1173536005
83 99.0559623598 11.4387178001
84 37.1907397274 63.2769083567
85 56.197089172 13.3158603756
86 64.7753503725 27.8957095846
87 31.0643399239 20.1054765306
88 17.0710344951 26.2206132135
89 21.2271118453 18.3341423266
90 18.102242099 30.7189858261
91 19.3195307449 70.2224850403
92 58.466046116 57.0393909884
93 39.1209766716 96.591735439
94 96.4128064071 17.5946109237
95 94.9414949265 70.5284067251
96 47.8904985151 7.73787282847
97 28.4870778351 95.844487229
98 64.7112815752 72.1223852039
99 59.2452584441 35.0475672074
