100
0 89.4968273824 69.417461057
1 29.1807952548 78.4158135076
2 80.2334948099 98.0675336228
3 86.792873049 0.961184047513
4 93.2931764407 74.1581406999
5 32.5619741981 0.0564288540013
6 52.3925018876 70.3076344142
7 10.5912602707 71.7834369023
8 9.91874730326 34.2611043679
9 32.7605984683 78.2292947333
10 94.7708512521 24.6251331812
11 80.5238399919 43.9946183241
12 45.4822251896 70.7400372569
13 21.1347035845 8.38850950086
14 98.99924935 54.0311252193
15 56.0974338285 82.4334818122
16 41.3902565152 90.0482711701
17 49.9921121023 20.566871073
18 25.7657021256 48.7355744891
19 36.6289827871 78.5780550358
20 44.4008799126 45.1174589149
21 64.7526675294 92.2090325395
22 31.4910269626 2.16445489941
23 82.5902604554 93.7812110883
24 27.6655410871 83.4427326969
25 1.3074187632 77.4308913357
26 79.8409711067 38.563359547
27 0.335349820925 61.7400506069
28 37.3182551935 35.2613839107
29 31.3885375975 37.9913060426
30 21.7091527651 64.2584409494
31 85.4513362215 44.3287306861
32 84.7665114419 94.2611338214
33 45.7607976749 43.0539378792
34 53.4152497809 42.0366229031
35 34.9367632213 16.2133813426
36 74.570765756 42.8537473919
37 68.1956327819 18.708592093
38 32.5329758455 52.8768171744
39 10.7962356675 53.530936981
40 6.31955994887 8.1103891268
41 73.319416068 9.28922433289
42 74.7886809099 80.3651283582
43 4.23638795479 53.3278917769
44 25.4291441583 80.3804733509
45 6.60497234513 43.8131452336
46 88.7633188171 36.9179330791
47 83.0338723489 61.2611827524
48 99.3518203352 78.7027242392
49 14.8465210134 64.5178986179
50 71.1123187449 1.774331874
51 7.74947007009 56.5269901227
52 98.7129612945 31.0683321214
53 11.6369846797 30.3123611559
54 46.5441674691 99.2153377759
55 10.5599823298 24.3223274425
56 25.6917065742 33.3163912728
57 8.88252419837 89.8109720092
58 19.2153500868 29.8919244134
59 57.1395102896 40.1024752947
60 46.5215346691 23.0208926831
61 31.5641830126 28.3007766336
62 85.7926057445 33.8223795825
63 54.9079556138 0.492255306543
64 96.0817662861 86.9759415373
65 51.7895384604 67.290645566
66 73.125707136 27.490468641
67 69.2514270282 19.2649603531
68 92.4907271855 88.3967500042
69 31.6604868381 8.78706733347
70 60.2535468282 53.3939729751
71 77.7915764155 66.5276989104
72 71.4366407333 21.5217969303
73 93.1558921727 32.1373517734
74 52.3222390184 78.8863724843
75 58.6339718445 40.5429367162
76 11.2386761715 68.2012897187
77 92.2856643132 53.7233105236
78 29.8156167131 79.1233625939
79 94.1807523705 51.6788195951
80 48.3571936626 19.4325566608
81 98.7793051289 52.2521232562
82 51.8637971903 42.5271833522
83 68.8603950859 74.8084547431
84 4.76123603623 42.8939879409
85 70.360928827 89.1371805585
86 43.9844281254 88.1841626423
87 57.2323382869 16.5635767049
88 1.48319414882 98.8159359593
89 85.3942107729 65.0759592859
90 62.3497760095 62.9225118959
91 76.2868162748 60.368730014
92 74.9393050926 71.3036014855
93 57.6472552934 73.411460647
94 94.4921100268 97.284603492
95 19.715928699 77.3752163705
96 84.754579944 63.9477813232
97 58.0879991158 67.5496010723
98 25.2762724276 14.9278496805
99 90.8822052557 58.2398368992
