100
0 39.9211214698 71.2997992075
1 95.1786542566 93.2840694744
2 88.2363987867 91.901087148
3 97.5020449724 14.7320577327
4 35.4095625559 91.999744159
5 82.2824179726 80.1124346854
6 51.8855551028 60.7116505005
7 36.6875202353 22.4389893778
8 6.57259619953 55.740953256
9 41.971255109 31.2684533962
10 8.36741618194 93.2735498091
11 82.7124279081 90.2899019275
12 67.8064526557 83.5534770682
13 63.6212468905 17.5611292068
14 99.5300142783 52.8127792905
15 85.2858159854 31.0730930773
16 30.4037706925 92.4772910885
17 96.8621163429 6.83554947745
18 1.77019753409 42.9454056823
19 67.020698689 59.9696612927
20 90.3569056469 52.3928081097
21 17.0977333641 14.5499449354
22 59.3816134919 69.1900072648
23 83.5237997812 46.4153546103
24 84.075899417 96.946060495
25 84.5102739366 6.56101523287
26 51.973330822 36.2975091529
27 10.8322685433 92.2965431866
28 74.3158320709 69.0566874872
29 38.9329510522 93.5389336621
30 12.1279449371 76.6230161318
31 58.8808821905 54.0361491643
32 57.6137062799 17.7524061147
33 57.9832241481 37.259456536
34 26.5374881774 28.0192861378
35 54.2642011183 38.9777106227
36 42.9102005843 35.3676146208
37 13.5683289857 36.8332549883
38 58.85829584 76.9588719951
39 54.390156821 38.0055974965
40 22.788046301 36.8927006671
41 3.35854713355 47.5797799499
42 32.350407223 44.5619304423
43 59.3117411302 3.57835435054
44 64.1863908779 79.4381895567
45 70.0247196028 81.1745593999
46 1.04818758677 32.6883276441
47 34.2548922313 33.9217375547
48 20.0119829018 63.5816842916
49 97.9502080022 94.9690540684
50 44.1519916669 11.9313965549
51 84.4325411433 94.5955278543
52 37.6898281048 64.639747589
53 24.9146291208 49.1210093764
54 88.7305482958 24.9514895498
55 67.2312698434 96.8120999553
56 25.5059153647 50.8635673085
57 32.3879236702 62.4162199769
58 85.0344383111 14.1516194662
59 24.8609241491 91.7547543206
60 81.6867371208 63.7694872465
61 84.6237388282 60.9659415819
62 25.9152228716 17.0360646004
63 20.6640212425 63.006614304
64 2.11668021499 33.6200576589
65 47.4872046866 33.530939548
66 6.80098641592 96.1091768497
67 81.514287925 50.4834811631
68 92.8797531635 58.6583082316
69 92.312940303 31.1125689684
70 46.6200329081 3.7657061636
71 33.4471612632 65.6831792704
72 70.5935805071 52.1261902488
73 76.8630909179 37.5363961951
74 98.7880195436 87.0392761256
75 47.5096752259 71.1683675515
76 14.5701946888 80.9947602954
77 49.0171523436 36.0776579362
78 36.9376900241 43.5576808361
79 25.0064452432 0.178397389537
80 8.42500509725 48.3789798642
81 35.2746503197 85.8403373822
82 31.2856707098 62.5380448397
83 12.8298464133 58.9170281632
84 28.1995244325 9.96921455375
85 67.2615696086 89.9230199535
86 89.3175291341 0.469681622409
87 83.1272341409 37.1140695947
88 17.2306675182 21.8623869329
89 61.2382988764 52.9700068404
90 86.1665948689 37.4713534649
91 61.0521783413 22.1661121354
92 42.9780496398 17.9167922936
93 47.033166376 44.4159583302
94 78.6187479649 92.258755862
95 24.8864558849 23.5870773239
96 30.6800503041 27.9307341831
97 9.36972664438 21.4599085023
98 32.836083967 80.1687720766
99 54.4977379267 29.0577348512
