100
0 26.4832776474 42.8491639894
1 45.3928771098 32.4714816258
2 63.6823644484 30.4206678971
3 49.5754705131 67.6686427095
4 78.1302615323 15.6567558579
5 83.6750726354 54.0415039766
6 2.91351692899 91.9655219624
7 96.8642564929 2.87643332716
8 11.7240398319 86.2577484187
9 37.9364834043 85.5926202145
10 89.7297839235 17.5100440148
11 3.42094050818 48.5313407943
12 46.643927291 89.8924799824
13 12.5808312371 65.4556811515
14 94.8841856684 86.4173732874
15 99.0397558185 70.3508795352
16 6.11399348164 3.45782462685
17 35.8192898284 50.3044989043
18 42.921656989 24.9029626771
19 24.3931056601 22.5622574598
20 97.7820790915 64.2812303344
21 50.3115763554 52.809109533
22 43.5063313084 54.5738934642
23 5.78919632577 80.6648965194
24 14.9640427747 8.25581489442
25 14.8550639887 4.0851347019
26 3.80766642202 8.16750217306
27 1.66271947989 39.5284319975
28 50.5675789215 12.1978365781
29 73.8717218122 26.8212455235
30 88.0159639748 66.9428933263
31 23.5944682007 73.3819940989
32 62.258047882 76.05549873
33 95.5832903061 11.1090121464
34 26.580745697 74.3123233013
35 66.5872578746 8.91002814816
36 15.5129226193 66.7513770695
37 17.6709988011 11.853218961
38 33.3656680957 44.1811422112
39 19.5246366091 27.002225008
40 18.9411382225 33.2965675084
41 15.5581492634 56.3022751748
42 68.6048771778 46.1181657021
43 36.9623635061 29.5752884879
44 56.5201421122 98.424800987
45 84.9182476322 65.2599235636
46 35.7917469557 90.4816864312
47 4.60897791127 66.3210397031
48 44.6828927759 0.295361040198
49 44.4399857814 34.4176718194
50 43.1577876499 82.1767516753
51 25.3242809427 31.9109852488
52 13.6275212786 71.7296111069
53 63.0683257405 15.7312088017
54 10.0779827037 94.2086857642
55 66.1368021781 97.8442117224
56 49.3892316054 13.9166159546
57 39.6058717261 1.66608519176
58 55.6604260648 52.2921804755
59 26.2389984574 97.9459785089
60 61.1748133742 17.0789040895
61 14.1440749629 97.5316592026
62 85.8110913021 34.4468330549
63 71.7756393405 51.4870830651
64 13.2567415475 58.0559574751
65 59.6142959426 12.6327741887
66 53.9275712331 67.5896578913
67 56.1183009462 98.3014110858
68 19.7151662682 7.57735862663
69 66.3210239305 11.0390166761
70 6.4216065477 67.481416423
71 83.5458153279 9.13016207951
72 15.4195216489 84.3731655289
73 18.9760720876 81.0216953507
74 29.2858151273 70.905842021
75 52.0294128351 77.9217799034
76 15.4751160467 57.2119072335
77 10.0874236189 76.928327402
78 43.7527746511 94.4945130547
79 79.6482422079 7.37680964727
80 76.1147391615 18.1304259733
81 40.0627611121 84.3469127661
82 93.7546377802 26.7297254332
83 78.3629381614 62.3079158661
84 37.261695351 78.6300984798
85 30.9863869722 22.7418505039
86 2.44251010925 88.4529729004
87 62.7384113263 22.2283888659
88 2.67602410753 2.2820320066
89 29.63018414 39.542786987
90 82.6367000615 75.6498927612
91 39.2708729175 2.35793908211
92 97.9077064751 76.2499218963
93 33.1432665071 69.2976151787
94 30.5957088283 25.0532615611
95 78.1878592706 23.2499750625
96 26.9749219775 37.4220880106
97 73.5768332715 42.0144759409
98 27.218093729 19.5925754579
99 98.2792083018 94.6412384585
