100
0 16.7727754398 76.063732827
1 97.8972635424 82.7218903196
2 42.1210069168 96.5733958073
3 6.38290835608 0.0837588710357
4 46.6808936375 77.929135527
5 10.6358883442 83.707523065
6 75.5782885436 87.6100102876
7 88.118925887 7.37133569023
8 64.2009503824 12.1295379969
9 73.317409558 75.0008902741
10 66.0180137891 59.1330751218
11 66.4186429087 5.33379302928
12 80.9969880676 57.1232667553
13 97.6763814658 33.8108990932
14 36.3887033328 62.8981304809
15 68.7281131577 40.1016393366
16 16.490328541 35.2014021164
17 96.1996603177 63.6179582375
18 70.7704894201 62.7866366474
19 47.4848894942 18.0030664971
20 34.0024314938 99.2165698796
21 6.75349028917 68.0950752187
22 44.2898945313 27.9490916093
23 35.6615428195 70.5421110795
24 48.2919255972 9.14087168355
25 48.0563312217 35.7454190468
26 72.7226067202 0.074385850988
27 43.544751855 9.50274107045
28 3.43584436214 87.7302965641
29 62.4493796831 89.1056835318
30 29.7837449517 59.5973343366
31 84.5073198915 83.8372231408
32 76.0053818405 33.8617344897
33 34.6452176915 31.4004175999
34 78.8991592789 56.9546514092
35 51.3770526266 8.51753087027
36 68.5955996185 76.0627415598
37 19.3030318317 94.2763148716
38 53.5607400563 3.61633416939
39 85.6056015757 7.53291759745
40 99.6487496352 79.9844035128
41 2.91686020365 41.3778757236
42 25.22314314 6.73945612016
43 89.9972768046 11.1353599096
44 14.5426755836 67.6860177055
45 5.84963956837 12.6005349327
46 81.1108252398 3.93526261954
47 41.8178932687 3.5909807874
48 8.96342641266 82.7365649557
49 38.6968396619 94.1725152965
50 93.5555266967 87.5167673227
51 3.28200260945 48.1321195442
52 85.4250364055 48.7141926037
53 41.0131930943 15.9011418709
54 60.637621764 27.0742774438
55 72.7176413868 63.6925018104
56 92.4021878115 70.4489236368
57 59.3512762752 97.9807632965
58 85.3912752482 1.22752924654
59 32.4380413355 61.079759701
60 28.3225577314 51.0074925894
61 17.6284424874 89.9743996116
62 34.5752038732 41.7925229063
63 89.9472766101 95.9424302934
64 10.2745916753 52.4906796059
65 64.0599364051 14.1511968131
66 74.3762639091 23.8535951455
67 46.7789730189 67.1974553
68 67.2492646362 9.0130368599
69 52.0072159486 81.2783867359
70 39.2226708666 85.3843192296
71 72.2814099937 12.3694061092
72 73.9032594238 51.3427757787
73 61.9240055881 91.3169290588
74 74.7614347764 6.32619098387
75 47.4140509728 7.50182487828
76 69.0512823259 64.4733059585
77 55.925575216 49.9608475012
78 79.7052860708 43.0297663099
79 2.29085031363 91.1442837451
80 79.9107551824 68.4454343312
81 76.6208166932 69.0724422976
82 20.887722837 69.6426233256
83 38.6413107379 25.0410307353
84 61.9026847495 2.26156667442
85 69.2285648612 14.4960000803
86 13.7184701906 71.1934769182
87 45.3278299902 93.0243460578
88 2.57079753286 37.3673584059
89 90.0852680383 90.5367063236
90 65.9945415929 53.6561389013
91 86.0183941753 83.8991310081
92 37.7116310287 78.0441863883
93 83.3778482219 63.0179285647
94 37.2969868217 44.5337200968
95 25.5458139505 52.7751553483
96 52.0655646669 54.8617163585
97 59.2444637726 85.571012953
98 19.5345101088 82.9102756881
99 54.2514821671 77.3364798274
