100
0 38.7029610167 68.5353151364
1 88.12437069 73.4078530564
2 79.4073326122 36.2787393337
3 31.3056870887 4.08740011643
4 42.8722784923 0.705581106957
5 15.2928776606 16.6807434846
6 21.2537022704 95.8075675999
7 48.7389774523 75.9666842093
8 42.9886841674 83.7472612148
9 95.0570350762 11.9729042956
10 26.4367439502 65.5827524173
11 38.3388268207 32.6461057898
12 90.2318239463 79.9324357254
13 12.9109210968 19.0415691768
14 43.7215996424 42.6894275744
15 77.9081397837 92.4405761493
16 53.9807011874 65.6132968697
17 92.4181641398 93.9370139636
18 51.5330894053 5.11163949781
19 11.219362651 98.1480026075
20 79.3698455598 10.4489672165
21 88.2863382968 20.168046531
22 78.9406810752 54.0291698652
23 9.56408927335 50.787758541
24 33.0593489292 35.5099029327
25 47.4940753845 65.3279705809
26 49.1093043281 46.226136709
27 62.4082098273 49.5138543286
28 58.5818018799 69.1678244425
29 17.1041528331 5.22070328999
30 77.0607702504 69.1826788522
31 7.94620951409 30.9546688969
32 71.5704823476 43.8471438661
33 22.444769579 53.899094013
34 31.1140363284 99.9232731404
35 81.9310439772 54.3419388276
36 21.5218335398 15.7839647455
37 14.9241174784 70.1036912674
38 81.7044214137 42.2952896659
39 97.4037675328 38.8330157076
40 8.98527828979 46.6619462855
41 59.1228955564 27.1879672128
42 5.38048185955 46.9319035704
43 32.7438501532 61.9105682494
44 3.35743093675 98.4551524526
45 10.965634945 90.2266587998
46 77.2660973416 46.5424459429
47 57.4728619118 54.9080296214
48 62.5736554366 41.6170136576
49 69.8152541162 9.2025146873
50 94.0433067478 55.1651119069
51 77.3404205856 77.1177516943
52 0.00228118446336 73.7418479508
53 13.7066343363 37.8328290136
54 72.1269400198 60.6677750916
55 92.280005975 95.8411677476
56 16.1951303689 17.6863003015
57 36.6421993414 77.7884811179
58 13.2782535605 70.1997226036
59 59.4197002036 25.1853888515
60 40.7597968401 54.6606133969
61 11.5498316834 97.70437861
62 75.4540118314 9.47782056484
63 94.881602751 95.8208977323
64 78.9253755483 29.3494180336
65 52.678114573 87.1921932314
66 80.3881015196 98.2380640343
67 60.7023625272 93.9833313609
68 22.4214413773 18.086112964
69 41.3127265589 20.6307381527
70 85.8273211445 88.7458325993
71 72.825058038 67.5708346735
72 29.1278710288 20.612680704
73 84.220674323 92.6480756618
74 2.87260619275 34.5095514568
75 84.5318350821 25.480792472
76 27.0357900539 6.67288634192
77 20.5524146837 10.0169410045
78 64.0427892791 29.1591167811
79 49.678370348 42.4405558087
80 18.8771200155 74.9654607287
81 6.05064502921 94.1658817562
82 19.8935171145 39.8715344359
83 9.81626067948 23.6786746428
84 16.9153596196 21.06647539
85 16.6088550815 35.8010414932
86 45.7520092885 38.1723281193
87 72.339752323 92.8790201954
88 26.3814286566 36.2868111992
89 13.0741037885 31.4253955525
90 17.7747111084 72.4847075487
91 25.6877498033 13.8285353852
92 34.9598099006 98.4223797949
93 72.1092516796 42.5438451368
94 47.8025561751 53.7249480318
95 38.960845227 58.9274657393
96 33.6743726914 29.710257456
97 65.5308403423 52.1189474298
98 54.0970164022 41.0909447691
99 70.8721660342 41.2079111111
