100
0 74.4996955473 99.4191450593
1 98.6596765247 63.1899260921
2 5.09522866601 39.0387805589
3 19.785936594 55.0291067697
4 42.7944074338 25.7699241096
5 24.3947876471 72.7187361717
6 57.3453118514 53.5276561454
7 60.9004989201 81.4185319591
8 10.6008818109 30.5550340091
9 27.1808455277 19.7130736379
10 16.3908707075 66.7684354669
11 19.8593014466 72.7085467316
12 6.14803873142 92.2192643185
13 5.12237930594 32.5044499446
14 35.1154898471 57.8103504181
15 68.5362966318 52.77206087
16 72.7673285394 41.3578902811
17 26.7700415314 72.1300250592
18 8.10119105345 68.0984347566
19 21.5091606218 46.6973060135
20 0.892252514399 84.311426273
21 8.22260310579 35.7103185355
22 35.375083547 81.1504319753
23 97.9117411067 71.4010000468
24 16.2815233228 44.7047438449
25 45.5287506068 69.5972764972
26 3.43670516363 76.1435888068
27 13.8004065307 48.4316472008
28 71.4476781156 38.0289456577
29 39.8541963624 94.0677669383
30 8.08528478166 58.2341973265
31 59.8031555025 4.0840987787
32 93.1678043357 35.6826532212
33 73.9876151863 77.5375278295
34 61.3610170382 20.0937710301
35 49.956066351 79.7583209338
36 62.8931429789 36.5065258076
37 78.6621734067 50.067998049
38 87.299404476 94.4001825399
39 5.32936816051 81.0448203412
40 6.68768021261 3.38369271284
41 21.2335511407 52.6097080224
42 56.7194187601 6.3802402259
43 3.55619546008 61.8208223648
44 57.2473178952 85.7903332416
45 70.2282888172 18.0180003208
46 93.210643303 23.4232831921
47 94.78226902 47.5796749158
48 36.2846888539 84.6609628545
49 93.2576121848 61.4966599503
50 25.0114090896 83.3794698572
51 5.86330859132 8.1487586075
52 56.7215808752 28.3290260323
53 75.1233977387 83.6457713229
54 22.8248292857 62.0474483518
55 49.5414112367 90.209908142
56 4.8146756737 86.2411430227
57 50.2181983763 50.8813811152
58 4.02835515435 30.3559265514
59 87.7175701286 51.923792955
60 44.5457011971 81.2698845118
61 99.6927504148 63.9256964255
62 33.1610286578 20.5868004477
63 94.8958013542 66.1264445119
64 58.6870659419 11.1409905418
65 79.200902909 8.63762463899
66 39.6612695003 84.5835587157
67 18.0209901595 59.1184446387
68 1.63550123133 23.0637158337
69 64.0050298865 3.39719218556
70 33.2934386552 52.7400693805
71 21.1729345722 73.233639056
72 0.779960721367 63.2543419984
73 44.620143455 16.9977624132
74 90.8774767688 31.2963127114
75 58.7381994112 54.3146318525
76 70.7090491557 87.412334465
77 70.8040439866 28.9586853394
78 62.3682115195 31.7050718765
79 39.9082241395 21.3488054171
80 69.8712018769 79.6922602485
81 45.1090301036 30.7809770423
82 10.8279799257 29.4604227339
83 60.0007182423 40.7311480482
84 84.5007560109 10.6895296736
85 38.1053419182 90.8655194811
86 9.94315594651 81.7753896366
87 32.7314407568 40.6832759442
88 76.5551809186 85.5167380313
89 55.8171157229 78.8892901696
90 4.95573226464 32.4224320082
91 56.1189682562 6.65450938189
92 14.2022849858 88.9110908905
93 46.5940883246 70.100526031
94 78.9477480922 50.3738570788
95 45.3162958224 10.1631166828
96 18.0373022182 31.8671465593
97 9.65552506089 53.5192251988
98 84.1384390014 48.0794690604
99 97.5175563402 35.9978442584
