100
0 42.8515917408 82.9655728346
1 77.074715128 45.4416746286
2 29.822305597 29.0346130968
3 23.298912825 3.73108413894
4 52.3825708475 18.7149930226
5 46.7399478734 5.82912146095
6 74.7132720708 28.9192811274
7 15.6014902438 96.1360401708
8 73.1777007051 66.0786948933
9 82.9133003943 2.95896877321
10 38.1709319272 51.20638808
11 64.1376701386 65.6288510651
12 49.5109474877 4.19103104504
13 32.2970015814 22.0833966422
14 4.40936239954 22.1658103675
15 44.9955960047 14.2893650733
16 81.1048575254 57.1937938284
17 82.6648794456 75.1489806659
18 30.6549238079 13.8804747426
19 62.6067942715 64.3390465541
20 12.523941859 37.967094235
21 97.6163647458 60.3249296494
22 66.9480075638 45.6152975508
23 91.2200495507 6.86506617629
24 54.5228480615 66.4588442106
25 64.9749115884 4.1252274868
26 97.9989316904 94.2209952034
27 49.8855606171 88.2226369306
28 48.340101811 68.7685360429
29 62.0513039493 77.6294117389
30 82.8406408466 47.8475504634
31 79.6874050857 93.7297959739
32 21.0155332882 94.4550821362
33 69.9861993657 99.5393697507
34 98.4378814695 92.6573565054
35 75.9433145965 15.7488465518
36 94.621491026 94.2610939377
37 3.56752401202 23.5105782728
38 81.3149421203 95.8141288843
39 3.10575988897 8.4011231296
40 12.9599533677 44.5417926129
41 90.6229755492 52.6254441236
42 29.2557963553 81.8632896805
43 38.9185352444 42.3277903491
44 31.9135251754 32.0409137641
45 77.8396690551 43.1216813333
46 43.7272081211 53.3023896143
47 66.9865690758 29.1322691968
48 96.3429617083 71.0225255583
49 31.9724036521 80.1290612955
50 57.2856361725 16.3533553431
51 85.963453296 73.0283415613
52 69.2660383139 15.3312137118
53 31.1823481542 65.8501515724
54 46.867043065 26.4229508347
55 59.6120324739 97.1111248337
56 42.6204308264 43.2829854731
57 77.1088151286 85.144913972
58 82.7104115876 38.452623254
59 45.2256317952 2.43544178644
60 2.82264134908 89.9477317239
61 23.6464075233 26.5309638373
62 83.5130413965 88.5784326192
63 51.7994183065 84.2328290066
64 88.1500423084 37.1380260414
65 70.8401835625 25.5868453257
66 72.5238154023 95.4311761549
67 19.7206027927 42.9475915182
68 84.6990490303 90.9030429473
69 57.4995183787 48.5640814245
70 76.5737835359 36.8457777379
71 57.8113170096 66.5502097558
72 8.05507285623 21.2045567007
73 23.529508272 41.391982668
74 33.8759605626 67.2398332271
75 51.7704310793 78.914575057
76 82.26242827 5.44204317739
77 69.7547611218 27.6673568697
78 32.2665155423 92.4048530132
79 0.680362342082 81.3208960863
80 38.5589680601 62.7062249755
81 51.5469581131 8.93870286923
82 42.8709320521 63.8568554093
83 11.5003319473 45.9451418007
84 12.6119640938 51.8310468169
85 86.8596733046 61.5966451654
86 48.0060174826 20.0093008143
87 21.9019965802 61.7545839993
88 89.6589854502 95.3106498025
89 72.4144976899 77.7843637297
90 91.0170823001 37.4220261123
91 13.6448133745 31.3183451285
92 75.5108123527 43.5662536155
93 27.7461378045 15.4862036519
94 86.5368395068 74.4444558984
95 57.8362890323 95.4985512665
96 27.4325794325 36.1020398275
97 23.0832531015 13.7312217613
98 24.3783632713 97.1608106509
99 31.394390333 49.3667818678
