100
0 9.25217499494 92.3738512872
1 54.5518852557 15.8903476667
2 27.5850467763 8.30182166708
3 8.43186032212 68.0557520126
4 35.0693695019 74.003868181
5 51.243463431 14.8731196054
6 97.1106556969 50.2870694581
7 3.39872054433 30.6981539291
8 20.2427245874 88.9564569246
9 45.8064206156 35.7810019491
10 32.9572570323 42.712703901
11 83.7693602489 17.2731261866
12 39.4520486469 94.3070154388
13 11.7280236204 47.6510892908
14 91.9753799977 23.8064747643
15 5.69634735413 20.6631456777
16 75.4615591484 68.1223778423
17 26.8878976152 93.2795397229
18 29.4090179998 67.9286195893
19 73.0190369022 14.1507426696
20 87.6477265367 69.1718390507
21 76.5092142658 9.6434476161
22 7.27047994931 55.9920816175
23 12.0859048787 84.1284239501
24 54.8083384393 94.2805081854
25 27.300377339 99.7336353325
26 14.4556809271 46.5495788595
27 60.8014274227 67.6186831025
28 19.224314297 30.595307934
29 51.919670917 25.5605978469
30 8.60844050497 54.3826342501
31 18.0568652839 39.4148630572
32 68.9128991043 52.0886942638
33 39.1671869376 1.27242021906
34 70.2950933271 98.4570116626
35 20.1957052771 77.4775598641
36 0.328777766133 92.651569061
37 3.22214483036 53.7416643733
38 93.8796375181 36.996838912
39 34.2652936475 93.8551066723
40 9.2692818313 23.7072322425
41 54.1453525402 94.5226584846
42 38.3627313281 47.2296489768
43 82.2010202853 38.8674745102
44 54.8086106139 70.8836700174
45 25.6619374189 27.4500233531
46 69.2181501497 18.6259932161
47 33.9248232447 60.1863504055
48 71.406956905 58.086137116
49 33.5071618488 51.5646945479
50 65.2972869723 70.9801754298
51 10.0375988235 64.9776406758
52 38.3598457102 88.5919477565
53 37.8851261681 52.8574539862
54 28.9271803574 28.4389854229
55 21.7571108843 85.5927308209
56 31.042013466 82.1577670133
57 55.4824241391 92.9390867375
58 4.59724712029 35.9398105565
59 43.6258126888 90.3755409314
60 50.0381296035 42.5269564231
61 36.5316914535 0.380403444165
62 19.0491641064 28.0522293962
63 52.7313026228 95.7387838719
64 29.3097005334 27.534122814
65 6.23478374344 92.8314772529
66 95.3938435639 18.5451032014
67 29.9298218995 86.9578655869
68 91.5834931691 19.6050683608
69 30.0337066665 98.7491049931
70 5.22134039594 85.2115457579
71 22.5117868479 32.3480387805
72 91.3242410429 59.1749256628
73 58.7869078083 69.7465684219
74 97.4565652085 0.255002753551
75 39.4020798391 44.8921228857
76 88.001576841 75.4319286529
77 52.6060661726 91.5421318415
78 86.2245126331 34.2579625645
79 10.5539361172 14.5836833375
80 40.7888397647 97.0931967151
81 69.798085163 66.6814494387
82 94.3591770806 89.6289830025
83 14.3693244946 36.8578659504
84 96.902472755 79.3038044797
85 2.28185206427 83.2228933978
86 55.4672931656 33.5771896493
87 16.2808723794 76.4956348932
88 71.8496414492 35.4699517536
89 90.1435123622 18.7598569846
90 87.9050537165 16.4981684838
91 60.9790303595 91.5421452218
92 49.9888980912 35.2621090085
93 97.6738604422 73.2581131237
94 2.16223726253 69.9559212725
95 86.3703282901 94.3538040215
96 5.39072530999 49.3635797183
97 68.7457160755 22.0977374004
98 70.2916703406 63.4861885286
99 19.8402784061 4.41564064417
