100
0 17.0438779398 75.7220613864
1 45.5965271299 8.03892707646
2 48.6884794215 74.3956029049
3 81.8295000151 70.5169012141
4 3.21029459271 75.616772911
5 30.9131137435 13.7046297173
6 42.9717430694 45.7013736866
7 72.8676057012 23.8454000482
8 8.23672167244 3.16829586817
9 81.3651772558 14.3349423768
10 82.4379165611 63.3485859363
11 89.2040676903 2.96994583709
12 74.3087326306 23.21929321
13 34.6320046091 80.7388287402
14 48.6427592778 53.1655321921
15 68.1697367914 80.485011104
16 48.0078513983 17.7849524059
17 45.4917466807 6.22203578252
18 70.3002458032 60.9536091033
19 52.1076468404 25.1755833708
20 78.9912906036 31.9876799388
21 19.8179292852 29.3014873941
22 13.7627107083 67.2681165819
23 78.8848270404 57.1604739752
24 68.8728828723 21.2451409646
25 67.8331545161 32.9997986923
26 52.7303300624 35.2466374908
27 28.170656746 89.6357582374
28 72.3650886052 58.2283280264
29 23.0251627879 2.73643165321
30 61.0489490202 3.73764640441
31 35.3412877 16.327193074
32 66.9940568699 66.1483326922
33 16.1168960451 35.7469458323
34 52.5949843328 32.5752484598
35 0.741159300009 30.6079345506
36 41.8593658623 95.097084592
37 92.6315179654 34.7604152444
38 4.09201336193 64.8654146584
39 47.6356344531 35.155789437
40 3.09203057987 84.4730451033
41 55.5480538946 20.1990108435
42 79.3464285919 81.5627809692
43 55.6823574104 94.6111748617
44 6.1380778647 13.933183753
45 65.1835218699 69.1478610228
46 10.4404676337 7.23903591616
47 17.4486452923 50.9632472614
48 85.5635941185 3.95957841043
49 16.0101294752 31.5428087424
50 27.2025395053 20.917964136
51 84.5919584413 14.3238532841
52 38.2256069679 35.3411277223
53 63.4078817941 94.53552409
54 87.9599787776 75.9691673966
55 7.92631102635 9.07281788062
56 58.7657492674 66.5520397076
57 47.0714234715 37.9298389817
58 49.7845320291 78.199935109
59 14.2388762293 73.1061475083
60 15.1323508488 48.0345416645
61 84.0921223092 33.8421354913
62 17.498002845 94.640388612
63 59.9303468785 52.6194965836
64 73.1772416574 90.4849107783
65 81.6620906465 7.09733896996
66 38.4414411301 41.0845850025
67 65.0360378518 26.8637569743
68 66.5696679466 22.602389072
69 99.0193117311 94.1079826032
70 52.9027372217 1.40068114873
71 53.2780980125 27.871114022
72 33.34397585 20.266381447
73 45.2262617416 34.9297553935
74 73.5057373331 17.3654199388
75 77.2431938504 46.1242390893
76 93.0538274647 81.0198615484
77 89.3363279799 70.4141099768
78 34.7760805064 73.9639520639
79 39.6890767356 71.2081381575
80 70.3345036404 83.0226637769
81 11.5339182503 63.0373832113
82 97.6431939481 15.7665220954
83 97.22728701 14.700727716
84 12.6006019278 15.4491249159
85 9.53844554209 81.6512678688
86 25.7727398502 48.3328418688
87 21.5306202656 2.97679382128
88 90.1094515131 4.34267016849
89 71.0927434907 97.3722073663
90 90.5655159042 95.0900267164
91 70.4588871268 29.3497007373
92 35.4747427262 35.903238467
93 70.4077459258 49.3509363366
94 43.1655966588 76.5213880368
95 49.6158938219 32.8826583433
96 69.6368802599 8.18276462643
97 88.6108154534 58.6004732304
98 24.5780102546 49.726747774
99 46.6859972377 71.3101985064
