100
0 33.8647794646 76.3528372144
1 73.3037448789 20.8425384621
2 97.8011573297 40.075741838
3 0.208038979952 73.95877966
4 43.5539427357 5.85714906442
5 60.337103578 51.7430608689
6 22.9018073751 51.0632971703
7 88.3321577404 29.6360329516
8 0.85542032971 52.4438740412
9 27.21116804 63.8741461764
10 6.48426733987 7.06410734567
11 0.371765270544 95.5784270841
12 8.24496138744 26.1873482082
13 26.4431169497 7.39705869898
14 19.7283090908 26.5921667049
15 21.4096336303 75.056442865
16 78.398356682 39.4549780423
17 66.7359114126 27.3638782831
18 21.7331080489 97.6673402988
19 92.2589703628 2.49405901839
20 9.82546652023 67.5924661885
21 35.2352671858 83.2655151631
22 85.2165407178 32.0118942598
23 72.2225565653 39.267720799
24 63.5713991282 10.2897228773
25 5.11462292897 99.1136863423
26 58.9571863008 60.3464416187
27 74.975843023 85.2628530156
28 34.0722866308 52.9359417703
29 60.1098435957 64.6698578732
30 38.7148498612 63.310179544
31 78.1132031184 65.3280580798
32 77.9923751939 9.62684623145
33 84.5394904493 22.3796763811
34 79.3764180167 27.6832716282
35 62.8622296405 57.5146502091
36 91.0278447684 17.4447443955
37 64.9376785546 92.1413135665
38 91.8500694041 18.9891196877
39 18.2363804063 56.2122100516
40 40.423783315 53.0593842588
41 63.2024327714 92.0179305017
42 45.6084537631 85.7164863447
43 37.4644634721 95.056492533
44 8.10836456221 94.8338467254
45 64.9224935168 82.624721627
46 98.3677643689 33.7218696511
47 36.5387934586 44.3044715782
48 59.7440537376 48.2240140843
49 73.4655817341 99.8366159388
50 76.8007049966 32.0008503578
51 39.2936680579 39.0529112804
52 31.0874769711 68.7197690765
53 12.215305446 41.6742124109
54 77.7866394564 91.2134508325
55 89.3157219364 83.3473771634
56 60.1521506468 59.9770389114
57 21.7502579617 63.4137144209
58 30.4129698869 65.6447922732
59 64.6648326448 37.3006190094
60 52.33033548 62.9232184194
61 5.60159695261 68.9163980021
62 12.8836669791 60.1738415647
63 51.9961851946 17.9406699499
64 8.67030233516 34.4550285713
65 14.2861550051 41.6475106271
66 46.7352379907 79.9887575181
67 10.4088900265 83.8914446362
68 45.1902027943 80.1915341424
69 54.0873094438 89.5553588507
70 14.4893232578 90.5784989309
71 65.6229214056 54.7453782338
72 17.0028719517 45.2882927895
73 37.062678011 53.7695335118
74 79.3420156789 15.395966713
75 34.2691228106 11.8736979402
76 31.764372741 88.6608604918
77 95.212498835 87.3145633029
78 69.7058726165 4.69737086386
79 91.4108948913 65.3934539859
80 70.903798856 37.1838855786
81 93.1751250819 47.6620802922
82 87.120909599 37.2721381041
83 50.7374378788 23.762222134
84 66.0536826244 49.4225878867
85 30.9715666689 41.3388967839
86 36.9577178614 61.8625199068
87 10.3975761827 83.6758634305
88 90.5993906493 18.7922229031
89 71.8592089451 7.93446732543
90 68.1418671382 97.7677568789
91 57.1691268943 91.0901236261
92 33.9081153188 20.0525598289
93 29.8087491487 93.0772723962
94 24.414922584 57.7219292003
95 38.0670964272 6.62838204095
96 54.3344881363 34.9738566227
97 19.7085869701 96.1200422773
98 43.7283903602 2.63143943325
99 43.5177667607 17.4919300971
