100
0 87.1739970861 5.27602642736
1 78.4319073968 52.6339718878
2 40.2914467201 55.8326896627
3 39.9153405233 8.74112191713
4 57.9805777547 76.0007039099
5 25.4742300196 25.4592749104
6 58.4241921628 16.5007794419
7 18.7742234002 64.2765634562
8 67.2825166834 16.0139473566
9 88.460463975 18.787062961
10 40.8544803494 70.790854526
11 31.9553752141 21.1462998666
12 30.0365788697 32.3669385169
13 92.2579060229 92.6058292169
14 75.0257088429 28.0703299282
15 66.1840877078 90.636174975
16 48.3325408067 4.52471138465
17 72.3804756773 92.038329282
18 21.1479562114 93.2233826324
19 94.2195509292 90.607418368
20 62.5798761939 36.8150346461
21 52.2770735694 77.0559715947
22 10.524283252 84.7404711902
23 78.4519135233 1.4779400902
24 1.37067884784 37.7011570723
25 13.9704635985 53.0128139788
26 0.385738448934 37.9823695114
27 36.1759963939 64.6405806326
28 46.3014864362 77.7061712748
29 46.6409210729 86.664340033
30 3.51130078064 54.8326847403
31 21.7751874829 21.0544300231
32 17.554238475 17.1673246532
33 12.3206579311 88.5552847305
34 60.3270918825 75.5770423316
35 90.6985976443 68.2218716318
36 13.9350144511 32.1210609441
37 95.8571372917 34.1671161248
38 13.9564653978 29.75877905
39 44.9598313044 1.7342257188
40 9.32309374344 2.35512725854
41 47.1144497129 95.0498332805
42 72.5448120813 17.7366158777
43 76.5499926812 47.6953553912
44 68.7590512227 77.9890105319
45 9.48734407844 82.6515051343
46 81.0436918734 64.7788464702
47 72.0296472928 15.3184014676
48 59.332611179 4.37577860313
49 19.1341224152 1.92904132228
50 87.0555245228 50.9509454326
51 10.8995545989 82.2752441708
52 31.7521197145 37.2719396325
53 69.3999502375 24.547155778
54 13.668477247 5.88969033991
55 10.4875721516 38.8312628511
56 92.3412274993 13.3604978765
57 44.4138948034 72.2250364815
58 19.9050393498 37.5852389856
59 50.4410492986 12.4683767801
60 55.5899785401 89.7766175946
61 43.612731777 73.4476176992
62 70.1632526821 93.5374436589
63 72.3059829882 76.6178884555
64 51.7048411758 31.5554537817
65 64.7464386404 64.1389075085
66 11.423796263 97.4646431752
67 56.0154427419 61.8178652423
68 7.76618016173 33.0563877426
69 4.35778120465 70.3293514077
70 41.7823972003 98.525829763
71 49.1180394051 94.4561839322
72 31.1979468797 34.8707981815
73 54.7698232421 1.80860757478
74 16.2948496132 86.0257682777
75 43.5985194431 78.9621228518
76 74.858813164 88.414004492
77 30.0576998401 21.1391120119
78 5.98042994432 1.14664266298
79 42.0410583627 5.20270589218
80 15.4108346761 70.1117397821
81 33.0036816874 33.2545849364
82 85.9441112322 75.9970850042
83 83.3987827095 92.1188189751
84 76.1342402048 99.093108046
85 51.838402968 68.6163700465
86 57.1767045049 34.6738474755
87 52.7941887275 26.8495901581
88 52.1530745106 47.4726672874
89 89.5315166615 7.14757854965
90 38.1534971149 97.4263874426
91 64.4594994231 45.5420791868
92 6.49603700955 44.000389357
93 5.65400028125 14.1946672197
94 24.5155358799 28.5557029976
95 98.3042450589 0.422806047357
96 64.0727134722 36.9153546997
97 71.602018476 21.2753209623
98 21.8235139642 72.9114968715
99 9.00301907819 50.2678789062
