100
0 53.2592022484 21.6265388667
1 62.6124599384 19.823240298
2 94.8647978856 53.8012961216
3 20.4228630781 49.0948374911
4 58.7317407204 42.237222989
5 55.8450334532 6.75358357667
6 70.8463367162 16.6723548169
7 62.8654744726 40.6644690494
8 51.6144946172 66.6282445427
9 36.7536375158 79.7894906202
10 39.568979137 61.5222343323
11 63.6014985579 70.5443177149
12 25.0010305698 71.0532002911
13 70.9705100132 68.6552296009
14 89.1834315005 32.6826600113
15 81.2152329127 79.294916475
16 64.7969156621 19.3612706467
17 28.9677349369 13.8842828898
18 75.1020111264 81.3964087549
19 74.3880622061 43.0269848246
20 51.0324553129 11.1874339694
21 27.8177221584 97.055599544
22 71.32370097 19.5910429925
23 91.2496526616 8.40416347067
24 45.7677019834 44.1790642759
25 77.1800893231 29.4375966258
26 85.03100499 19.6076742745
27 40.4667904977 65.8661112861
28 98.5627370106 86.9931387706
29 92.4837743087 3.33773137761
30 21.9698061428 13.0145834669
31 23.4245230331 2.88138615848
32 73.2770095363 31.102210791
33 14.0779875078 95.4092057121
34 78.9497879898 14.3724973932
35 93.2999322923 29.6173512387
36 69.6210591278 58.4872860422
37 70.0336215004 55.6238181999
38 60.8687702937 76.4366420929
39 19.6534415242 56.8007257527
40 61.3118953994 74.2645487103
41 49.7132624349 45.3284146175
42 96.9931863161 65.4901367764
43 48.1378347412 69.5915258976
44 14.0275944427 92.0666418541
45 47.7419720467 25.462837883
46 4.60934116489 63.1558242033
47 96.5861867232 83.9923448105
48 37.4458150925 21.2536142096
49 30.2056834028 3.19085358304
50 9.66419594403 37.5295555735
51 45.5627240931 47.0259934674
52 63.6958039806 50.5991705981
53 70.9538428151 80.9067936774
54 17.3179762854 97.3442283179
55 95.6026438662 15.2473502699
56 60.2067669945 34.7075737241
57 60.6221568677 46.7948993385
58 12.6126827108 55.9313184233
59 17.2979058592 61.6610328635
60 0.835269351696 98.3768514835
61 36.1452251957 60.9464094775
62 40.7775471824 14.177823365
63 76.7635322512 96.4757012383
64 12.5322180122 55.8017984829
65 74.3295618405 63.4539971296
66 58.5566821818 37.7165862755
67 85.6473836853 83.071118981
68 56.6767217044 18.7425244272
69 80.865408912 17.0885840122
70 92.0072663563 9.98913720679
71 64.5404129848 22.8955726694
72 96.8693473852 20.6104086038
73 22.3541530517 7.69793698436
74 0.508434296022 88.7501803618
75 88.0224879476 75.3168899728
76 94.93140454 25.6145791757
77 91.2727969257 60.2316467834
78 59.6341383612 56.528881204
79 94.600290403 6.34086439633
80 66.8167520893 27.0685869383
81 53.9943141551 76.6361339354
82 73.3258662917 63.8225968993
83 73.4462249596 74.4112961919
84 95.2414228585 30.0173630014
85 9.99747095648 56.5133401893
86 58.7474960292 7.27669539631
87 18.1736967294 59.6574755639
88 85.6118891757 76.2452843161
89 43.881993402 64.2218239061
90 62.7315235236 30.7754043463
91 8.70497969224 64.5400673501
92 16.9848557571 1.91451059222
93 6.14033565212 65.6623787766
94 97.7860381153 44.0534632397
95 12.2331613414 15.3274976274
96 17.90225114 24.6052387323
97 43.1457003128 34.4966042975
98 75.6723658475 81.0620587821
99 39.8153609798 53.517607543
