100
0 76.1372449139 92.685905609
1 77.8274764923 98.0346614889
2 81.1715628468 81.2028250106
3 14.5957805779 57.4484000275
4 24.3458767649 60.7908519492
5 79.2545731624 92.3748699317
6 25.6427009439 10.793458773
7 92.6253920949 85.6792356786
8 3.96593913477 82.7352832288
9 92.7733921304 16.0025522825
10 65.1354396154 92.3114755096
11 88.6043945903 51.933293583
12 96.339306379 94.7153530181
13 66.9069241047 48.7221931562
14 25.9864538874 51.9060878433
15 1.9535347434 36.3651671099
16 75.6486909717 87.0931783307
17 17.6026828378 64.805481232
18 72.1099816222 91.57167845
19 20.5043798156 26.9217244054
20 77.9825180745 12.6153557252
21 12.9158520745 97.1865589762
22 38.6282477336 19.7100789083
23 23.576253649 27.0066011169
24 31.7506630716 53.594553866
25 62.2393166283 70.2198548341
26 92.5148024365 86.2236217829
27 9.9056445875 60.4613160078
28 42.2500756672 47.9461679513
29 51.4144798568 6.6369333005
30 20.8213000715 63.967707244
31 39.5971318837 82.6377688917
32 7.95775875944 12.9792975976
33 71.8446881183 55.2633584478
34 93.4442813108 77.7347726987
35 68.5257129258 87.5601140897
36 70.0140871948 12.6579748056
37 44.9934823314 12.3931740186
38 24.0593955343 63.1201631589
39 56.996860847 64.9227304608
40 46.0508809257 36.9103490238
41 84.1845908211 63.6619589704
42 96.5594765255 92.5548145884
43 7.12231469764 69.4048455188
44 75.2019542165 44.5738899362
45 0.84710247545 32.1569617423
46 29.3409734849 22.3983305981
47 28.2178887429 14.0901923354
48 95.9422333183 82.0742593062
49 96.634934313 54.0525515126
50 1.19965222155 82.5714175379
51 41.0415713263 37.0621124561
52 27.8068985302 78.3183999515
53 92.6891249952 25.1647771797
54 53.7157512944 78.5559828588
55 32.490412251 71.1619182509
56 24.2979825035 79.7005065568
57 36.538499895 95.0006780921
58 87.9269976123 14.2724780401
59 41.6394140968 8.98010028732
60 17.1297937123 11.9566597289
61 6.09545117639 40.6664380787
62 41.2714220987 32.0648480138
63 28.9728561056 88.00595874
64 56.9703311428 46.1391403773
65 87.7287819192 16.4653907035
66 3.22527870254 95.7341588196
67 93.2760282421 80.6671863481
68 54.8075529462 86.5557263874
69 19.4760126284 81.5562510937
70 32.4824149882 42.3210182966
71 1.50428682058 58.2300154159
72 40.8010069103 11.7582052261
73 78.875646784 30.5606467082
74 95.2025306264 32.0819737302
75 69.3605196402 61.6067089425
76 4.64294584984 35.700729478
77 24.6435090162 85.544270187
78 48.5577782023 28.7102922849
79 70.8616530225 49.7723763959
80 90.7242926801 28.3479785672
81 75.3697358058 31.819338798
82 66.3691278536 3.9077132054
83 45.5055040943 77.3472716477
84 53.7196586834 16.3113339728
85 93.3749643915 59.6253147231
86 59.4086542639 61.484012476
87 91.1001099413 79.3360048689
88 76.771455019 75.0719873517
89 65.2989577395 25.8169748127
90 37.2440672886 62.746761628
91 63.6552492921 32.3930476907
92 8.82359170475 77.3514067377
93 67.7928751893 46.2687166988
94 29.257346872 73.179359893
95 68.0562032092 34.9546572725
96 78.4026104097 94.8997574215
97 12.3053364238 38.0580865378
98 29.3283455559 83.5670676833
99 69.9941224368 57.6674321107
