100
0 64.9678665302 72.4683258872
1 42.1794935916 1.26792202679
2 47.4803714211 2.61034015813
3 51.9176593426 39.2888810844
4 22.2376679538 27.3137067198
5 58.6425842184 93.6355200837
6 36.459466042 43.5039751091
7 20.7299391631 32.1729154749
8 43.643007322 74.7401100422
9 43.9215954419 72.6984283692
10 84.0999772745 31.3845668986
11 40.6703791413 8.4843533982
12 33.2858441906 81.2967036513
13 80.2032247355 69.0576002341
14 16.9609198841 75.7140521855
15 89.2663746622 60.1963617489
16 81.0540606786 14.1660052278
17 15.125489973 22.1921356528
18 53.4252968027 40.1732998377
19 45.7280951297 54.382741547
20 99.2263841501 38.5229385114
21 78.9704134448 59.6634663473
22 23.348641511 58.4417290348
23 26.8036485458 3.99087095349
24 25.0003406884 37.3752057552
25 45.2674211824 34.4123731256
26 65.0900309893 21.1166624701
27 33.5327122497 13.6497609517
28 4.57213313304 4.47214883099
29 1.23351609765 63.8908154687
30 57.897610277 79.8532407633
31 12.1437842907 74.9253993291
32 55.9540378459 21.0541979346
33 13.0460192793 35.515319861
34 26.7024982452 11.6391257986
35 79.678122629 18.3515529612
36 15.5650409435 12.2933827019
37 89.4470379479 61.9569550157
38 64.5798119083 58.2627855147
39 5.30986889133 72.9827645236
40 43.1040908064 54.3833891582
41 9.88842542821 75.7772078552
42 68.3421833149 79.582107865
43 28.8837433199 42.7405274186
44 70.2623566054 49.8124303712
45 64.5622806585 16.4876445933
46 40.2158470163 58.0631115843
47 81.1693875576 86.687933958
48 97.9235871165 20.9546730596
49 10.4170589011 14.714192186
50 23.9092851758 58.5958414871
51 5.05239575173 93.9343289351
52 64.0847531135 45.9101304195
53 59.2973575259 15.5925269705
54 30.040833962 10.204922276
55 78.9995252357 64.0490372108
56 61.2669822358 9.04648977919
57 71.062499601 77.6089174796
58 69.4743299741 78.831332432
59 6.34906602144 79.7685434314
60 11.9252678057 29.4042415689
61 70.036855921 19.7222769887
62 63.0632525918 1.1559575887
63 58.4542966363 48.0398240048
64 13.014650129 33.5775217321
65 91.315630629 39.4004777144
66 75.7985208035 17.9507326383
67 87.4736018693 62.469933502
68 96.1303168433 3.32230602436
69 26.7139563957 9.66960105553
70 67.910314248 13.2909771702
71 91.9238682236 39.0301828367
72 10.8008981197 72.7612470251
73 44.9289262345 63.1600422176
74 57.7770054122 18.9929168765
75 32.7408938112 63.1866815639
76 62.7116458336 71.4292781591
77 23.3601147704 58.4589507923
78 22.8756045026 82.5738708127
79 56.601338042 67.4941158239
80 7.22459561123 44.7371890017
81 93.9589562546 34.825205772
82 5.66652478179 16.5924351734
83 53.047975944 49.3634826862
84 67.8867461851 23.0228259434
85 31.7098246037 90.0097545949
86 74.2115785572 16.6575561263
87 0.624188687311 57.9862245257
88 41.7556158416 98.8281181095
89 62.5306140909 19.2604662604
90 64.9309856572 69.0751443258
91 69.4112783088 22.942412631
92 75.739311074 45.5897934128
93 52.9392262589 9.37317294686
94 91.3759861342 16.6266791051
95 2.97906713294 30.6597777202
96 68.3961167183 3.34581825698
97 78.768751175 1.93785267632
98 23.2501785335 61.7054231268
99 10.7923025433 83.7490090884
