100
0 27.1658196696 88.9947867413
1 48.5226522312 74.9067430951
2 9.80242045587 62.670331015
3 33.2625217452 3.28686622091
4 77.6289976802 23.8581611344
5 51.5340268543 97.1597203021
6 32.3060301365 42.7114413989
7 32.5911444307 25.7213651421
8 44.2227662236 10.7360085045
9 39.0027722085 63.8806404743
10 9.60407513516 29.7612223674
11 57.3151256373 30.1765100656
12 98.0831137551 11.1000817017
13 82.2849172936 99.517094899
14 14.9064201837 86.4668367754
15 3.93942430177 52.7131478493
16 69.03756642 52.6319329193
17 49.1501233497 0.0867145632236
18 40.9719526545 30.6854233014
19 14.2432862125 66.3409514188
20 50.5155012968 68.2290537516
21 56.5109633183 79.1990992254
22 24.9957053625 40.7640400336
23 54.2031907953 15.7477899941
24 61.3284441823 0.787422284732
25 24.4698709701 75.0166395242
26 63.1516345437 91.0455011175
27 65.79001176 3.50710535349
28 83.6176352583 96.0092883148
29 9.55303426554 40.4130535979
30 73.6598183154 15.5939097238
31 45.7730425986 1.81341211249
32 42.9638187487 88.1695120049
33 42.1122650058 86.8759742392
34 60.2188302026 25.5705027369
35 20.3370885189 85.1375661929
36 80.1149259234 4.25529846044
37 42.9867053843 73.991389907
38 11.637340718 53.4031621944
39 41.7180034013 76.466188
40 66.984421648 46.6455242977
41 82.6219881281 27.5108362467
42 16.4792537484 44.1838209151
43 69.3342924874 31.500441202
44 72.7521192354 64.3998476415
45 18.1899075117 82.8834190652
46 1.4204616806 9.92429604502
47 33.275929472 67.5146696863
48 94.0533042187 48.6324678135
49 3.42295369965 22.2284271636
50 75.3411870187 70.3424515946
51 70.6718127718 54.6686319828
52 21.5440943868 97.212833471
53 79.4252454065 97.7866315925
54 24.7299315681 63.1349145104
55 59.4410310226 55.5305642326
56 93.250476311 68.4396660998
57 23.068310939 20.794277259
58 49.0561061106 99.0731192378
59 66.6596141598 39.8657471768
60 8.83304591013 91.3521980082
61 4.51758632755 75.6335032083
62 7.17729948573 37.5053388178
63 20.4603140273 1.25190344938
64 73.7082330472 8.29070379755
65 34.5686229199 85.321504187
66 98.9317373956 88.8905979314
67 33.8878790275 6.74939850445
68 80.7604425311 62.7618184127
69 50.0163508672 28.2566709548
70 90.1622120559 21.1860392856
71 34.5498533495 17.5868355252
72 8.06907509795 94.3949145351
73 65.4018872749 68.0754674724
74 26.0825963259 30.4956422286
75 57.8983590133 67.1020626344
76 47.7129389066 65.6980463072
77 81.5460353867 85.4079893752
78 22.983906592 97.1025419451
79 85.6272145629 54.4871500321
80 46.9014833634 16.5047985262
81 90.8582410368 42.6583714105
82 66.3996350955 2.47772972875
83 56.0654713285 42.4999261388
84 23.5953916226 91.9799236636
85 38.9348127023 73.5542008852
86 19.0597154355 23.4886763487
87 43.5917275538 17.4040420907
88 33.9534964161 89.3441480462
89 88.6303301092 93.828357768
90 11.4052497344 49.2184246762
91 6.6531678957 19.4337556339
92 67.1712633167 63.3387655223
93 13.4673475301 81.7554359339
94 77.9094955976 32.5871126687
95 28.0284546652 92.9670067376
96 43.1395360235 66.4321137012
97 67.0040647578 57.0903493884
98 37.3292408507 78.2986551984
99 11.7919456698 37.2033364879
