100
0 29.3694963167 17.9743478242
1 89.5004524135 82.3263089481
2 2.75950241333 86.5654185922
3 46.9995844514 35.4335498948
4 82.0136418469 94.2924102356
5 41.5738495912 60.0368376756
6 65.1643871209 64.2886179419
7 59.1477351799 87.9936742203
8 3.037638898 64.4340125073
9 77.2491813521 0.962385689721
10 29.0749364578 45.4326432198
11 82.573723277 17.6922326556
12 12.6138960167 59.4895466636
13 72.6599951116 25.932508199
14 61.3470095395 25.1253672193
15 1.81208427437 5.86269013054
16 75.9002272847 99.5326220954
17 46.4067576511 24.8232170805
18 85.3153210564 37.8573223598
19 12.781575258 21.9285970061
20 52.5622946628 31.9647882903
21 33.7290992679 2.56023656774
22 96.288422139 58.2635400782
23 67.5242472913 88.7762547984
24 40.8881525874 78.3483205989
25 23.7551687113 67.6947266851
26 19.7586480421 97.5427367326
27 7.05297083505 9.97749980976
28 50.1098370752 53.8934262984
29 64.3486844004 97.1322636542
30 37.0343382366 50.0222960994
31 79.4488186605 29.8633863656
32 13.7903229156 32.3341783937
33 72.0428268523 39.4692042762
34 53.5214176875 96.8707327216
35 53.7156394039 92.9072888218
36 7.69635875839 32.0052677089
37 99.113744686 92.9817855397
38 64.0335205746 79.1105882328
39 81.725853073 35.3081546862
40 46.4375169542 44.406422801
41 66.560136227 99.5364289422
42 18.0366001416 76.0639539893
43 95.9804586406 5.04842991232
44 88.7206268018 97.84591089
45 85.3636819871 9.60464925473
46 11.663490859 94.7676803147
47 54.8882022203 38.3135237225
48 47.7434782743 57.8660360255
49 79.4607243944 94.2234042006
50 7.92356957456 98.690187863
51 72.4001518906 12.0532756896
52 63.4423746266 60.9146399287
53 55.8469853041 41.9984124127
54 79.0487293818 0.486439517667
55 76.1948408276 71.9556464943
56 65.6357662219 94.8844589545
57 95.9161893706 75.8210929801
58 64.2398227904 24.0834710622
59 13.5424105932 89.482464674
60 51.7713547501 97.6417826256
61 37.6932434539 1.53540863057
62 17.842872867 26.6320530195
63 89.2207224391 49.374396582
64 73.9386546624 78.2784650606
65 24.0275413727 63.7140428691
66 93.9862854005 22.6384765331
67 36.2684885347 78.8246740735
68 70.7722077149 63.7509730756
69 84.5088878796 8.09581663485
70 3.13882729515 99.6727133611
71 29.6995754901 23.1180352258
72 2.23601764185 45.4454640618
73 75.462446396 86.1862193193
74 59.5392237226 23.612778403
75 0.921489745199 72.229156458
76 71.246935544 96.1346235964
77 73.2666358213 62.2141625249
78 52.0487752933 20.7596036122
79 17.2248793665 57.836587052
80 62.1476619624 27.1335478163
81 20.2727478008 58.6596874053
82 17.5369569806 82.0102588802
83 45.801206552 31.2935626026
84 25.1539875044 61.3955907845
85 95.4339876248 76.9804622544
86 32.3491494866 86.8786376325
87 83.0435563019 46.0685569834
88 58.6984106369 45.4484823107
89 32.0378777119 23.1108051508
90 11.098220449 89.7942819997
91 62.7061893019 86.7966652434
92 65.5070700646 11.2772047327
93 86.791734504 66.8337997302
94 1.53327626622 84.5852491172
95 46.9005203046 89.0684066467
96 62.1545036595 85.427758442
97 11.2069750777 32.3101905595
98 93.9808796429 92.1557716882
99 41.1217272475 68.6829207218
