100
0 9.00262650712 25.601471401
1 4.71517455731 94.5418776109
2 34.2005973612 62.2083542023
3 73.1489076875 80.6888677207
4 52.4254015248 17.0288695808
5 5.48838993643 17.713309486
6 12.0762240163 88.9015175824
7 4.50675385119 14.4242016108
8 64.8433187791 30.4010022578
9 18.9054519556 49.6348814499
10 28.4705236322 48.998643106
11 21.7533167318 60.3161520278
12 99.1163773259 1.86294524872
13 86.2656637109 93.6470972021
14 82.7681150797 86.8861696266
15 91.6316524098 93.4669113866
16 8.90855458113 22.3053716046
17 59.6396362986 99.4328186804
18 97.1154728527 5.51257306834
19 33.7362402501 80.2619921724
20 19.7783015587 72.6074645787
21 70.0440705795 60.3506073759
22 21.1821575047 46.1403223242
23 21.842822363 3.92708464291
24 16.4100413877 26.4981219895
25 4.53407729512 92.8212684566
26 80.9286582529 91.3760895903
27 0.359051216812 1.21151172442
28 44.0048219614 58.3408447758
29 19.5997886648 31.0073276921
30 67.1365486142 0.198852479061
31 23.4898416913 79.8281615806
32 56.0825298573 0.223914530062
33 85.7031838716 2.62344479307
34 87.4249918368 86.6029794862
35 40.6167641954 10.4969044959
36 23.3144755914 6.76421196861
37 89.1020996844 33.9332359794
38 20.9109426602 60.6021506201
39 25.5288227262 13.3020692672
40 8.29600702119 63.6812394068
41 35.5669908166 41.0455691266
42 23.408184559 87.5717323149
43 85.1028165168 56.6007109716
44 83.5934555717 24.2071700717
45 21.9428662073 73.154789196
46 92.921496469 60.3981812791
47 49.894902128 33.8762596613
48 95.8296704512 14.9259017951
49 99.4398308401 36.7593498204
50 92.8594328724 42.8044173944
51 79.1167500819 96.5766256785
52 6.18194561513 88.361154495
53 29.4412252994 92.2039089245
54 0.525798084024 63.0685521582
55 41.7042132973 9.85067444045
56 25.6470933134 88.0298509381
57 5.48453684748 12.3184927131
58 18.4885442418 51.3333345839
59 97.9367704871 66.2280376114
60 98.5690574144 74.9131005406
61 88.4319581561 77.1967885635
62 94.2713099339 65.6722979899
63 27.5985416161 82.0884701002
64 41.6119054852 49.9769552338
65 4.12973367182 39.1246965055
66 41.1460163007 3.73927276873
67 10.7929957151 14.3135512514
68 91.9561983006 75.5425354143
69 68.7075503549 82.5526321843
70 48.0176689887 59.9026950758
71 77.5311547244 63.2402751051
72 25.4413294791 32.4102812151
73 26.6115972898 83.5169328038
74 34.9426225204 82.4256943768
75 50.6704469774 44.2980361096
76 61.4613607112 49.3074508554
77 82.1958068881 31.282628371
78 18.3752077735 97.5370060582
79 41.9384703876 77.8601129727
80 49.2234732683 16.2988359976
81 36.6466613626 67.0367605438
82 11.2047681642 33.7451592949
83 83.6972177348 22.6629291154
84 96.4459491963 9.38632378626
85 32.1798870635 28.8562333716
86 28.4986303731 35.0272568241
87 28.4819770052 42.7204360753
88 48.4883546603 93.8961123337
89 34.2325461942 87.1759136383
90 31.7997964688 18.3534667721
91 10.7045642719 27.5928306062
92 91.8065133615 47.3351089159
93 9.17765213565 63.8781879302
94 14.6851288299 31.4631366156
95 85.4651830677 81.7087899338
96 67.1974202948 50.6001519321
97 68.6020048648 2.79719273572
98 31.8483880082 74.0062935575
99 22.2615647363 40.3430737655
