100
0 13.5068410839 77.7103297278
1 86.1054047733 52.5394962691
2 42.3634432604 84.2785251855
3 43.8593592825 70.7757305163
4 52.8184830187 80.7229221345
5 38.8192948717 15.7070101934
6 61.3022140908 87.5473747977
7 82.6585036375 22.6675923049
8 90.0341300095 36.5238319938
9 79.041829326 54.1363999599
10 59.9274739786 73.8522759436
11 65.3632311129 33.0145591777
12 78.4356794013 81.5691646016
13 3.64718771854 38.654964114
14 33.0424216167 36.5813017404
15 83.4105795235 4.05490480017
16 10.4935164391 21.0894581338
17 80.7267697825 14.052202396
18 94.7479773501 71.228255487
19 74.9501545658 76.2892279527
20 23.961677367 68.1052079679
21 43.7490714761 71.5557489385
22 18.1953872939 25.6825134547
23 52.9443283938 99.3153299154
24 22.90829475 34.213885908
25 45.2966652977 1.96636209589
26 65.4588970558 37.9536649205
27 70.3703490212 90.1725211041
28 48.9264515251 37.0166096257
29 40.5673760752 28.6341648355
30 58.4617859768 89.8662392649
31 67.6441087082 42.7470588498
32 77.204858964 80.1922629486
33 79.4676872928 4.090458907
34 59.3072313521 61.7359220159
35 43.3658434298 27.5156754448
36 78.8380106256 93.9906812817
37 27.4207322939 41.6204322542
38 83.4641189645 81.9342970253
39 32.545789466 10.6637549522
40 15.019752847 36.0475880816
41 33.3561427409 55.0278518912
42 95.1446114188 55.0798327498
43 70.827951679 89.4933988519
44 86.7639153035 95.7792018575
45 59.5887716098 16.8603373637
46 85.1344396036 82.5126411176
47 20.6581404502 55.4440668985
48 33.87461819 61.1405901465
49 39.1825651465 58.6932940144
50 43.9452054688 41.8506214729
51 92.445250662 60.3440412047
52 17.4787291233 20.1079326409
53 77.3046490365 9.67869023381
54 68.5984070314 90.1063030408
55 80.2516749965 57.3183417524
56 32.9765907921 26.2593938673
57 65.5013665655 95.0637845562
58 62.8762439829 89.6326720596
59 68.8206310101 49.8871937734
60 11.8463007181 5.70932226785
61 18.6938821679 56.1037659635
62 50.3873524595 32.9788474875
63 53.0589811047 62.281026978
64 53.7804133014 38.0387787609
65 62.5443264771 81.4702621031
66 86.9132649752 53.5144721107
67 66.5489816252 42.2364215413
68 2.35757457291 84.4561569116
69 77.7795321597 69.6734532698
70 96.2683044591 62.3369387713
71 97.2125136625 20.0073549569
72 21.7322697785 86.7363800364
73 43.3736645656 11.549317153
74 76.5685273302 29.4412534481
75 21.9354904276 10.5950292178
76 78.4620550915 44.2399905704
77 75.1866214814 76.6322597747
78 44.5765480434 5.91336104352
79 85.2947970046 11.1011566078
80 15.7937686343 47.3581421701
81 0.694353281362 57.6151151487
82 88.0747581275 61.239427451
83 94.5519725237 88.6503844333
84 90.8918105122 3.51032963783
85 84.8980607027 52.287761069
86 59.5396045522 37.7674796302
87 16.4416442208 65.579204131
88 2.80187958941 0.208932363379
89 8.37768819212 92.4325464774
90 68.6576268532 55.6111603705
91 21.6347074732 78.1973937454
92 69.5099725254 17.0224555995
93 27.0953000637 26.3161354133
94 22.1004268223 46.2110138664
95 5.14695249824 82.3871342679
96 94.5129200429 94.4291180403
97 43.7873305201 1.9048039159
98 34.2876450148 70.1577899853
99 2.53314845248 11.5919613094
