100
0 34.6785290136 14.7228112417
1 18.6617094176 41.9482004696
2 49.7997888935 58.0075326301
3 93.9607128534 45.2755633459
4 48.9161448337 47.4402425042
5 92.2383773067 26.2904562859
6 54.7685096659 6.2686373529
7 40.1139376346 17.7804192757
8 63.0684974948 99.3862088784
9 54.216189848 50.7752356387
10 28.382370216 54.7271824898
11 38.3220508705 47.6225513398
12 40.9302701328 4.86244750322
13 61.8094064668 60.2031486225
14 72.60999292 71.7946385269
15 17.0565849796 66.7668150828
16 78.5816028432 36.9744770187
17 45.2399504521 77.1441957209
18 71.7108700865 75.7740430454
19 15.3962010481 56.6733749676
20 83.655862712 95.4947018755
21 22.2960972706 24.8414946374
22 81.709802734 85.536299314
23 36.1640785062 2.90239214435
24 70.1676037837 43.7410447909
25 92.651360325 94.6208765695
26 11.9548953095 30.0968483657
27 4.55912421564 13.6588501024
28 99.8661607438 31.119136135
29 44.0507105188 24.1831978067
30 86.7932668547 5.10086493098
31 7.32385406297 47.0663467682
32 97.6767715463 50.1692177979
33 72.6824728561 67.5953373526
34 93.9498820476 39.2069178951
35 27.9919614041 9.84852558523
36 46.5984445623 7.275080962
37 72.9913317921 94.8682832162
38 30.9460486315 36.2664237269
39 5.99557316794 50.6581668378
40 85.8804144449 16.590194235
41 57.6855913595 8.51896796808
42 93.2631244549 92.5128916812
43 87.6691737305 18.0754967829
44 21.8172656001 42.4954760089
45 95.8101957258 90.1559494159
46 21.8355988134 45.8412603928
47 77.826247116 9.7297913885
48 35.8438997514 73.942316545
49 80.0918686446 26.8191721014
50 44.1675400712 23.4766811842
51 58.7616967811 95.9004510642
52 47.4927092537 19.5983224051
53 30.1529070891 20.6221723655
54 94.371294095 89.3002432841
55 95.9702073913 67.4982588665
56 22.8780618838 69.0270346916
57 71.317299064 63.3994139182
58 49.1275022153 20.0587795604
59 69.6806513386 93.6601087103
60 74.5948739223 2.46273553772
61 59.8336570364 28.2611031509
62 61.7581531001 34.7767926271
63 87.4885469487 79.5869707364
64 57.0988121863 76.3808816123
65 5.10308209012 68.4830037446
66 94.0522434078 25.1853520181
67 50.9155747832 13.3148820187
68 5.15385798335 38.3558489284
69 42.3077217217 53.2967885517
70 84.5826479167 44.0285662386
71 59.264900838 50.6444770927
72 96.0056252357 61.4667514778
73 16.1604338727 74.1706279825
74 39.3912700516 21.4961700541
75 53.3287274962 55.2696029986
76 75.8218631445 52.5810541581
77 51.5635846347 76.3560242356
78 38.150479921 42.2330675357
79 87.0929087981 72.0946306676
80 66.3800879625 38.7846781723
81 61.4358078803 58.6451970175
82 3.78475184231 5.06449178328
83 41.3082259679 15.0921191667
84 80.674405066 25.1643480532
85 30.5914724171 12.4323216114
86 56.3422293755 17.419063222
87 5.0492735215 61.2785675579
88 80.3132372373 20.3656616594
89 16.7113499299 84.5467930168
90 7.76804482497 55.4284694177
91 61.922086579 97.8670526132
92 52.2986511264 98.7310659068
93 60.0746525291 65.6061801531
94 32.5130433754 39.066337746
95 31.3713553413 59.8668164057
96 96.2197731285 2.67002417553
97 27.1630042967 64.4209657196
98 89.8745301256 59.2017228069
99 4.92548443328 13.6544600811
