100
0 80.7603959004 6.51334134596
1 53.4859767951 19.7436655403
2 70.7260373474 66.5219050162
3 48.369428377 80.8112634401
4 8.95536335883 7.30958356218
5 74.8134830589 17.3609478632
6 51.0878368881 59.8828520394
7 15.1812194551 24.034046587
8 91.4587239237 55.4314630656
9 89.8241032151 84.805027534
10 16.4876532375 91.0396326475
11 37.9583376141 68.6497601323
12 74.778126938 33.8171264606
13 44.2543101233 10.2881289874
14 96.6392188532 73.1907438501
15 90.2256090152 86.1132402407
16 2.77267318615 22.8885208906
17 59.6684414588 32.7570407843
18 86.8631036121 58.5549690365
19 66.3644765975 63.947353201
20 24.3875749807 3.5451624408
21 66.4821124 88.7105852606
22 1.69373762 15.4423040508
23 51.7148380318 4.39787300915
24 54.1678219291 59.3007558881
25 83.2366910821 98.9953814364
26 28.206953154 23.1762298417
27 65.9188826262 26.4897928396
28 56.0292309236 69.3024405469
29 45.2895600551 6.36942025286
30 42.0789675605 7.11062099939
31 37.4825514759 85.5220094917
32 78.4112983027 28.501169737
33 16.3828537893 82.5330386288
34 69.7226607245 19.6621140876
35 61.5894765366 82.7542911013
36 1.0950188066 62.0368286673
37 24.2185072664 43.6996369232
38 15.1409242025 67.0601705966
39 11.3716298955 66.0274753922
40 22.4722913824 13.2719935025
41 36.5459708205 30.7749593756
42 48.6990321298 99.6715134228
43 59.3293736326 46.8373875793
44 98.3241520047 76.8896150089
45 59.3689778504 3.59224854479
46 10.5002525191 53.0496030988
47 1.75850504246 32.0286753834
48 32.0184411311 7.78814767429
49 40.1770415046 29.2568820652
50 61.7227953651 31.9435236213
51 2.33656997797 71.0011934239
52 5.31038998811 89.5169874376
53 56.5433911857 59.921211936
54 25.4081306576 33.9711338863
55 4.18412805913 93.0366187906
56 22.9293039588 28.7508772537
57 42.1527117925 75.9689612171
58 33.0120215562 69.8777746092
59 99.4902135397 42.8520874107
60 78.2682814484 61.721921336
61 13.2745540949 27.1883788377
62 42.8583754725 75.6908578954
63 87.6838160492 34.4728685304
64 24.4689205817 1.58685019671
65 74.0442314219 12.3265682988
66 1.11717986144 49.941019301
67 6.00785830793 93.356274686
68 26.3399701774 39.8256276264
69 94.431427313 28.5606941473
70 65.7600210929 89.37746536
71 89.6413232753 71.9892522332
72 32.2372110928 14.3985574648
73 73.1927974249 77.1012968317
74 78.5461331408 63.5160276202
75 71.6250232336 56.3145558624
76 21.3968622459 24.6988492354
77 26.0843201061 9.32921735565
78 74.2596141442 76.8644416357
79 62.0852092088 65.4171217021
80 91.9939453469 33.2983808944
81 84.9457205559 45.5393446242
82 51.9535019708 30.5824663089
83 44.5764188448 41.5899706848
84 99.8149550657 82.2334500756
85 41.2985992418 2.47961850565
86 52.9795486941 59.9970139469
87 58.3191740356 22.0072701348
88 51.7682038831 94.5948384874
89 66.4823609827 44.4906807407
90 12.0194402745 40.8037267862
91 21.6549197151 51.6713067166
92 68.6932036641 79.310098529
93 44.4307405327 29.9497995237
94 8.04599707088 72.8678166474
95 13.5355938944 14.9925055723
96 35.3190094111 50.8401772212
97 32.8886347725 50.3961160225
98 38.89261324 74.7848019282
99 8.13138974775 83.1200068417
