100
0 75.2266662828 97.1644703689
1 85.8552843815 18.0826298118
2 22.5765429406 18.1951468857
3 92.0525931108 15.247340902
4 41.035053309 84.8390521121
5 87.0339262834 41.3229620946
6 38.900477511 53.5780412142
7 28.0482867277 55.5954383476
8 78.3212063551 42.3823005664
9 78.15204508 82.5009539395
10 80.2047212662 68.1491359826
11 59.3649978189 37.7948417017
12 72.0594245217 22.2079286894
13 7.91603082355 88.057767823
14 79.4434959621 34.7037707736
15 73.1969624188 66.0882189046
16 95.6171588013 90.6992497827
17 47.7198828895 71.7967314796
18 68.4341872648 42.5377468489
19 46.8119813916 40.6313564836
20 66.6574660428 47.3053876379
21 88.5017027922 21.2834490259
22 51.6489097274 18.6753549701
23 34.3479157293 53.5822590841
24 2.57631226539 17.0478600096
25 10.120013109 89.6265322244
26 22.7395225788 41.999371377
27 67.6605002107 50.6392106868
28 37.7469615166 94.8486792055
29 80.274610843 39.2717998061
30 53.8207637549 84.1280536722
31 24.6702455796 52.7389156706
32 20.2552099887 49.3513452777
33 38.7908206709 61.3187510191
34 95.7314663587 13.7936361967
35 28.3287363182 59.0132224602
36 60.8445828646 56.9910559898
37 73.8940795592 7.2108205231
38 72.7471142777 49.8637230609
39 56.7376808566 26.8090612821
40 19.0090924288 20.6958154021
41 57.4558216906 70.5903685906
42 21.3346657338 85.7853653214
43 19.6396310626 29.733201488
44 92.2804891633 86.0899092963
45 78.1250065148 61.2996992294
46 44.1823587152 91.627648487
47 78.3495090337 39.4584111994
48 17.0101652706 44.5983798365
49 48.33385963 28.7721500209
50 25.1224544471 99.1192731432
51 93.2769065867 60.7125426573
52 96.0395445816 66.1218220234
53 37.0654283558 54.7750128468
54 82.8198551279 90.9961417537
55 39.6405232604 86.9825917283
56 57.0834694172 22.2648472681
57 92.896458557 27.0011876031
58 84.9350408659 87.2398786402
59 77.398205134 53.3749105264
60 76.6147656892 94.5022713988
61 28.9719757488 85.9301376966
62 65.7657826464 26.508672825
63 10.5924927247 39.0447258437
64 64.684344612 50.1723809478
65 81.3530169932 45.299251198
66 6.86169255634 56.7045658399
67 94.019588946 88.7809783095
68 42.911741482 11.0558105001
69 33.2213965938 55.0294508095
70 12.887875037 50.3092434711
71 12.9797874003 1.29077605334
72 1.61160541843 18.3690950566
73 30.7759239287 82.8703082575
74 98.0380327624 25.1063166057
75 92.9004466272 59.1372273695
76 80.0432101783 80.3836946029
77 79.9560053655 18.3360148544
78 79.0350511743 17.7889613448
79 90.4381361937 55.3950724597
80 23.6535010131 25.2158035294
81 81.491182727 65.2233988605
82 89.1880315904 27.1484499999
83 31.5183058372 32.9682550808
84 75.719413554 99.4506265435
85 70.2808990852 35.7027636126
86 26.2822447002 94.5378913648
87 38.1645919675 1.57666578793
88 83.2421660191 3.56040128288
89 56.0118350908 38.6187509838
90 43.6271500151 11.6597313043
91 40.6828545245 13.7900482195
92 3.47254513384 73.2928034923
93 98.1443322535 41.4849559885
94 37.3629669165 6.8773871067
95 90.5461673943 4.09008650754
96 37.4375112579 66.6741443597
97 44.4228294294 93.9694482278
98 80.8067395261 24.592866553
99 42.0718152076 42.2785151469
