100
0 49.285255238 3.0155973701
1 78.464109028 5.27894446383
2 4.82891374713 36.4267092305
3 80.1408856431 28.7532172233
4 53.703108631 46.4640198551
5 76.4116252662 17.7946448971
6 80.5057398767 63.3923403027
7 78.8421677503 17.7035763285
8 78.5004072147 75.4355605933
9 28.2623033377 15.4948504133
10 20.2594529958 53.3157479873
11 61.4296939735 42.8194855271
12 60.408893199 34.7658489239
13 80.3867958206 7.5658218746
14 93.7833235768 69.936605778
15 30.7257372729 85.7434288464
16 47.3474863627 93.9588979056
17 89.6505329247 48.6357159598
18 66.840520748 41.8630568535
19 85.9280668077 25.4532482194
20 40.8608690597 81.5262030899
21 86.1246857542 53.0568113588
22 50.408100219 26.1691838101
23 20.1190468857 18.9086475446
24 7.44260040624 71.1770467101
25 64.1523235894 9.97625675049
26 9.44854249302 62.9656594846
27 4.93131478369 12.428301086
28 24.4363148152 38.9400160549
29 10.2704643727 37.9925360177
30 13.2629809886 57.2057460715
31 53.2358332351 47.7046314107
32 74.3105344152 49.3788813037
33 5.54029915773 60.768933566
34 32.5715151732 30.6577673652
35 24.5657403867 47.9167561811
36 68.9325409971 94.1600665632
37 69.6376707161 38.7326921995
38 31.0026105041 89.6877830271
39 36.3739401453 14.4673639759
40 73.2481810175 15.2299234415
41 19.1300778167 0.285472093508
42 32.7071827827 49.8008328279
43 78.5708893151 14.3110671021
44 77.6997431084 19.9309862518
45 21.2222655617 6.64346931949
46 94.7263630945 20.2890268383
47 0.657214021151 54.426060782
48 23.2430441811 17.4314284263
49 67.5956398115 14.6673497159
50 21.8379251838 6.80774042502
51 53.4547104369 86.7096102797
52 11.2138318359 24.5323513513
53 49.1541025184 15.5057891027
54 57.1144436931 85.9818384981
55 96.7712046962 54.9225443723
56 52.2404996586 45.3345473447
57 23.3443911027 94.8767707549
58 30.6482873127 48.3280356135
59 66.2421302813 35.7902755159
60 93.4195286431 89.1076541097
61 15.9099724508 21.9368854524
62 73.8803533359 94.3029664146
63 37.5380669231 79.5494364462
64 65.4188014732 64.8114817437
65 61.3841180262 6.6112621685
66 6.47822483407 49.7413959474
67 12.339524277 25.1092888419
68 22.6934328526 56.34079874
69 40.9595683186 64.8605658196
70 99.2476281822 86.5990774353
71 11.3408797423 7.50369389459
72 32.6403258632 83.5974836205
73 3.75788493585 59.0415685475
74 86.3397039067 19.3554204039
75 79.158455443 10.0710275704
76 68.2701609248 71.9050260292
77 29.1511883074 96.0112552133
78 34.0519131317 55.0838394396
79 42.4969320323 22.0798614596
80 58.821522032 0.793959408904
81 70.8737422428 85.1226946171
82 59.0005905312 0.571557813216
83 27.8653968236 8.91944633272
84 87.8581661916 95.2759895204
85 37.0891531904 15.3581135193
86 1.1708634494 32.0703558354
87 16.8989865094 9.05679162103
88 22.095123459 0.328623138827
89 57.9542118415 25.5651755501
90 57.8276079736 60.3685443657
91 54.0458468235 50.9122168371
92 39.6683749282 33.6979748675
93 22.2183706292 60.6224037978
94 45.2301443811 31.3125122471
95 76.1310102299 17.6865221428
96 31.6473630141 4.28423167022
97 47.5241635229 61.550739312
98 91.7124564576 45.7213711118
99 62.3537716541 24.2579721874
