100
0 23.3628675941 80.3736989773
1 25.7965476118 24.887819646
2 79.9125068093 91.5477268407
3 89.16507831 66.4908261431
4 16.4441340642 83.0492142265
5 81.4637110998 92.398833123
6 54.4809375314 37.6089528367
7 52.8220371371 53.345569904
8 58.082301501 94.8115631669
9 92.3307108312 55.740266345
10 57.8001432593 63.8170563435
11 15.7876618547 28.9892987027
12 87.3421213703 23.427130582
13 48.7290233658 97.1114207271
14 90.4305917887 31.1537849099
15 97.9436884373 63.6298346929
16 99.5879067327 46.4877861703
17 82.2356069181 21.1279271819
18 15.9855133343 65.139011511
19 32.7750120294 76.6138024765
20 9.30224521226 34.3790686042
21 81.3193308351 83.4380910553
22 21.239270172 55.3826681672
23 78.8805352273 21.7125733412
24 47.147665611 44.3835340829
25 15.7371949445 61.6469293414
26 33.4584297814 11.9898180994
27 52.3324637987 51.5220144799
28 59.8853837369 10.8140388656
29 23.1690234021 89.004816379
30 29.7244717138 17.5468777829
31 12.4827139221 40.9796510645
32 52.1852933631 85.4013343684
33 70.217084063 44.9553728582
34 15.8844432731 87.6729217653
35 71.2307858816 92.9586896178
36 17.6518941296 62.6417905717
37 91.353901369 9.79144022918
38 9.99993601099 23.1031652524
39 25.7102775215 71.7710344214
40 57.5461181663 55.3209988061
41 22.7849474445 68.4032312997
42 20.8599783861 68.4813981565
43 9.20492485639 79.5163407807
44 3.39900158025 0.529798832785
45 11.6976473932 94.0017711301
46 34.3420415943 54.2990400448
47 89.6563104762 35.287538423
48 9.4854316034 15.0534182447
49 49.1329010597 95.3109168227
50 61.9915579957 66.8238749676
51 84.9172704367 41.7641879267
52 74.3359194688 18.4593431167
53 23.1342669499 87.6543359838
54 60.9832370501 56.1914462327
55 28.0450856301 10.487004061
56 20.8562773749 40.7230435524
57 18.4493365297 79.9862307165
58 69.3421778177 53.0796432234
59 66.8452898203 68.4531664405
60 17.8307591399 1.7321978523
61 57.7251145095 81.164403931
62 21.191033781 15.077478228
63 19.6973283556 58.0237843034
64 31.8542111014 63.1312467376
65 87.2240675206 99.2074489012
66 80.0756027152 83.3281570819
67 83.9436723715 82.789281341
68 70.2196840673 13.9708463379
69 97.708335853 57.3144474842
70 66.6297185299 0.788753165383
71 95.5833522595 56.8328169568
72 42.3886566623 16.9968853314
73 56.5555760327 58.0598894943
74 90.6770028431 81.304095469
75 74.3368582459 85.3260363916
76 15.4851599383 26.4614400084
77 96.3020220234 61.1625109565
78 58.0302324124 6.35676939562
79 78.4009105701 66.7756728226
80 39.5739082777 0.405359359598
81 2.46669399456 99.8609688132
82 70.1097184254 59.0788552533
83 2.86667301111 47.9806510384
84 52.469030757 82.6103101393
85 72.4098737357 61.9562167466
86 70.7281520663 57.9071306306
87 97.0840705304 75.2975067243
88 9.54136874497 68.0675763264
89 71.7392957192 12.29856433
90 4.73106644869 78.0847167975
91 76.8145981944 6.1673856637
92 51.7078264553 66.5394390791
93 54.443801605 11.2827982617
94 7.62944515468 43.2313851948
95 53.1723808559 10.0126409034
96 36.7427843854 46.4186177372
97 26.8230627246 21.9886888507
98 55.88679667 36.9272605683
99 82.3736387514 3.7165768157
