25
0 13.6823556522 81.6863750081
1 68.9637853444 8.14826203979
2 48.127817182 83.3036479238
3 72.3445596993 93.793973577
4 46.6631923976 83.0409252047
5 5.05062104326 52.3065178173
6 88.2488148907 18.4096508699
7 23.5376725651 8.55873846271
8 46.3300519486 97.5989384361
9 67.9759571188 39.7796589858
10 62.0327117916 87.1597821015
11 83.1316104781 18.2767039386
12 90.4904243449 20.3160034091
13 85.1337491037 19.3538173265
14 13.5343107244 91.4380025534
15 41.1202373412 21.6591726278
16 64.9878139214 55.7208112761
17 6.96108405952 97.6087823062
18 71.006341937 38.1879802633
19 68.0938751537 24.7729273257
20 41.4438426009 65.9359572754
21 23.3537262626 88.0229783174
22 26.5995656413 99.6558473712
23 96.1979892981 92.0733367418
24 64.0674261998 97.8219999878
