25
0 25.451006334 98.1008107322
1 94.6094098689 33.4878181932
2 15.9937059966 90.3862087625
3 35.4454076307 34.7188171236
4 20.7373265783 84.7924440374
5 70.2164475275 13.163288099
6 56.9219623009 65.2474767059
7 16.7277112028 0.697107195711
8 14.4572964537 86.8047228112
9 24.7437815148 32.2956382415
10 69.405844849 90.2063142283
11 78.1077180444 55.4087774599
12 31.2654472865 52.6613359742
13 35.2204082921 99.1280684683
14 70.0749687022 43.9051916166
15 2.69741583369 10.9491332981
16 73.2178365434 62.2019151077
17 66.164213833 57.1524408656
18 24.1911327662 54.4021154912
19 29.7952232739 22.6463982129
20 1.96799302798 2.24891320857
21 13.3098621572 21.87048019
22 68.8248440817 51.8561042975
23 27.5215896095 61.7633255452
24 56.3161697559 36.4560462687
