25
0 90.1916253947 66.5561914102
1 62.3368585836 53.7808107312
2 50.0950570829 73.4007487602
3 10.2809291127 64.5408674113
4 20.5848104689 78.1294274093
5 8.27292452754 65.9236340556
6 70.2478725027 74.835107198
7 9.13502205679 95.3600081912
8 21.5876483096 78.3306143555
9 85.3371033442 30.6590694119
10 33.070179535 10.385682258
11 67.1589896053 86.9011434295
12 37.8644759372 48.4468840846
13 77.3370093193 79.3557249846
14 0.631454947575 19.2347917687
15 23.1327135729 73.2605406661
16 38.7243432991 0.883056274853
17 52.9847542107 76.5637025969
18 75.2552160988 94.684521726
19 15.5113659941 54.440174915
20 94.0159548664 6.64690126515
21 67.6890682304 39.591529645
22 73.2273961316 80.0162051558
23 23.0297253774 59.8992513086
24 64.6378824721 95.6736979339
