25
0 93.4021447442 7.27295461751
1 13.6787251788 59.0020158157
2 13.8333411257 52.5182238727
3 4.72097450706 69.1005531809
4 12.8109776944 28.3849635436
5 77.8471331003 65.2688311805
6 90.6055628933 86.2327677057
7 97.9504973583 80.365149491
8 30.1335146409 10.7199788523
9 18.2459438838 98.5585146345
10 15.5781603059 42.64913879
11 36.96561296 89.6299759674
12 16.5630018901 8.42812646108
13 38.5007603695 37.9538798838
14 90.2908220594 57.7171895767
15 27.3300482195 95.3725807269
16 7.74589817266 68.0154016885
17 68.6087267185 67.3812180574
18 26.1991090105 9.09473298069
19 9.9148734637 44.9923261559
20 57.7060420071 52.4318624192
21 99.0711509555 14.1882805843
22 22.6619046999 30.9886396862
23 80.251323535 50.194018806
24 2.60478379034 70.6955374483
