25
0 14.6276235573 8.0774998989
1 31.9435504323 67.7073653951
2 60.0798543928 31.5137784041
3 65.2240470523 23.5525995254
4 36.5249314108 3.00839102847
5 63.4251989563 16.624794653
6 49.6582955278 63.1806831761
7 88.8742352289 34.6251790017
8 18.1775159013 66.1234629064
9 91.0863810341 8.52611652987
10 43.7083176118 66.8051379591
11 25.8481999482 26.5490988071
12 70.2624250131 29.5423322044
13 21.8086128516 12.7574208726
14 6.45901605215 37.265225466
15 34.6640968059 40.0515317779
16 67.0336700948 8.44542447198
17 40.7920544454 81.9229615783
18 92.3365044509 77.9545906095
19 88.1771859072 99.7193840288
20 70.4847013746 20.3696885939
21 39.0274875936 31.6373898921
22 0.270416525723 83.3888139629
23 51.2641724707 21.5733557408
24 70.730183384 81.9908102035
