25
0 2.89067634773 33.0689612919
1 5.57789096868 4.38538462746
2 77.6011889122 8.20115930633
3 1.24318479885 36.5746562963
4 39.2553486933 50.970575253
5 84.2802971961 81.8709702346
6 66.9209999781 6.55991943512
7 24.6877555955 82.1992974607
8 64.5044128137 10.3628444474
9 91.9759574123 20.8852657905
10 6.0394786335 6.51160231193
11 59.3921953327 96.3338088247
12 40.798384836 86.7603817561
13 26.5063307483 82.6769822043
14 88.4578974524 44.1034904241
15 84.7935658305 49.1600119085
16 92.2887359964 37.0587115511
17 66.7593767914 95.5565364912
18 94.918080625 40.4386477858
19 8.78414430205 4.64377468722
20 0.299764889516 61.6063572007
21 58.5587772304 72.2685746464
22 31.9428614727 9.59931116305
23 73.1246569681 95.799822962
24 94.0067067228 67.884991563
