25
0 27.3279499217 39.2649089471
1 83.2401964223 15.2533336546
2 37.031851728 10.7572024068
3 18.7394687918 65.4282612978
4 45.2279332419 8.2634868318
5 84.6431478382 45.8028943421
6 51.9960549818 71.9199775996
7 65.9426924029 54.0477222235
8 89.4701768608 62.3997412263
9 70.1599977156 68.4494395228
10 71.7679455794 76.0136530333
11 67.5374009513 9.98832216013
12 99.0688792545 96.2948526832
13 84.4794794693 71.018491299
14 33.1756101575 67.6369265074
15 13.7210253315 39.7124654737
16 61.7548758593 10.0000888776
17 86.8067300096 78.0403258852
18 5.70911709275 84.9246887977
19 81.8783190386 99.0516969702
20 47.3158386869 18.7027027806
21 71.6919487392 93.1381539366
22 68.5057699923 81.779953842
23 55.2722395599 39.2943634642
24 39.3017546083 93.390188978
