25
0 45.5542263132 76.9618001525
1 33.3362182475 82.3924344552
2 17.8118772929 38.3329250547
3 76.3575392887 36.2150321557
4 19.3178457076 47.3531257988
5 92.9318913826 67.805306066
6 86.6694280606 50.7949122226
7 85.3887122782 76.7613094889
8 69.9305563948 7.53221727011
9 56.0043404149 91.4932310301
10 4.78741069723 62.0344746308
11 89.7270564443 86.9900270328
12 61.3176886533 66.7793049628
13 0.918407872385 51.1031274535
14 22.2271704837 62.9983604198
15 15.8287979761 71.5860656178
16 38.482934336 81.4322326427
17 4.43120560875 39.9357807639
18 64.0819077652 26.535295848
19 82.9048381782 49.4471994597
20 81.0584789729 83.9569032332
21 89.2621206265 95.9854795553
22 59.9948835957 3.44802049919
23 0.956540302361 91.5866779299
24 26.0567407744 72.6610162219
