25
0 27.9123098636 29.1424774988
1 88.4185791845 39.8860110853
2 53.1141588301 32.6812592376
3 32.1938103993 57.2636043538
4 46.7779280936 51.8911997363
5 67.3903205785 98.1753633531
6 59.2015441738 38.189050135
7 7.52740504887 0.0742259110005
8 93.1574234691 81.9835528057
9 19.5011323189 65.1967722231
10 13.209306861 84.4396258534
11 73.9516348535 46.9234397927
12 42.7514375595 46.029804971
13 70.7825723199 96.8822731447
14 65.196501078 89.6557067824
15 86.1744434451 71.2989024782
16 92.938969696 1.8842223078
17 48.7818725512 32.3511249061
18 62.8695669159 13.7976225541
19 39.5473547524 79.2869882267
20 31.6158375582 34.4746164951
21 4.63485772721 52.4723673676
22 99.9788576726 70.5582852224
23 5.32681158173 26.1985137802
24 10.7687323004 72.0600690781
