25
0 99.2869015833 54.8906170691
1 24.8827188618 75.6869155155
2 60.8226073541 35.4056650996
3 86.1797619497 53.8312182988
4 69.161230264 80.503400262
5 22.2419182962 43.7446426792
6 69.7265906126 21.4338887496
7 22.7855475044 97.3118448831
8 18.4585468669 87.9206449694
9 9.7192579433 39.7853112445
10 6.57574098199 87.4538436834
11 37.8378643925 62.7745819343
12 52.1284116701 67.9183432572
13 49.9851046468 15.508892491
14 75.7951324739 85.0757313225
15 4.34895444817 72.3566834009
16 27.7740927251 91.9166566934
17 29.6843924715 64.7307899939
18 14.1438403431 12.1613226051
19 30.4938888805 33.6453057303
20 23.5297861119 4.10010633697
21 43.4087722089 43.8852826228
22 31.7858681833 95.8393164656
23 58.4327111142 76.0005249291
24 66.7074034548 3.89689385458
