25
0 41.2182146295 71.8870933267
1 14.5577113041 91.7909080776
2 92.9644090737 90.902851875
3 23.9372715628 90.1676391396
4 9.5052285387 75.9077890876
5 74.8169685102 80.7838782229
6 20.3909533483 37.0593283377
7 89.0412245962 90.6301062328
8 23.3073034625 20.1085530566
9 71.9253493093 95.5848990756
10 82.5510154687 72.7698352585
11 43.9413709092 27.3708988638
12 35.2326975522 25.1752908431
13 46.709361667 69.2849125601
14 72.7157030863 61.4239113556
15 75.0458258681 60.2381836531
16 41.2119077773 32.4831643663
17 35.2330811746 73.6991196051
18 32.6974713988 26.9637982479
19 50.7956796508 26.5118551426
20 74.1090897589 60.4223780161
21 17.6347693974 61.8089167773
22 32.3973644919 42.8265566445
23 69.6683820273 99.6578118735
24 41.5375872099 14.6976499677
