25
0 33.4331112593 62.2682278488
1 38.3078470236 76.4458849291
2 41.7671412512 68.2315565015
3 20.7471397051 31.131737846
4 57.9153150283 90.551152882
5 64.4917427412 81.038313291
6 67.178087153 2.01951773723
7 81.9720644653 70.1326499981
8 28.8882713968 63.5086681011
9 79.2912417338 23.2799852501
10 67.2313447927 79.7042145073
11 29.1309528192 45.5499803698
12 90.9087806715 54.593554169
13 34.4144997351 13.6038523782
14 90.8310039211 14.9603470583
15 36.2625307419 11.3844847933
16 5.2113020049 36.5914461187
17 16.5982598798 16.5218934187
18 86.6926067752 30.2582083735
19 62.1128047087 62.3809850726
20 81.8903029568 12.3030081778
21 5.21356409665 16.42264928
22 87.9451593156 60.4688040979
23 20.1687846815 59.9287478722
24 45.0990312473 98.9724801646
