25
0 33.2092508208 93.5218284937
1 82.4295452003 87.556122999
2 84.6654974851 33.3083213518
3 97.3449845558 0.992263765268
4 21.5718709287 82.8462363048
5 44.3022125332 11.3275295001
6 79.4855828693 41.6438508878
7 4.57704618648 47.9050644332
8 22.99169781 0.186180667881
9 96.0973517348 29.5343630607
10 90.1514287837 58.6478266628
11 98.5562385059 76.868019981
12 31.3931857748 48.7271053863
13 28.2258864292 41.4688144872
14 91.1796004572 31.3538241744
15 75.0567779089 92.1553602979
16 23.3339136255 18.6817170146
17 45.251137355 84.2839938027
18 15.2587862902 66.4289963494
19 41.0592025796 28.7134069502
20 99.34955619 30.5186290221
21 85.1023376692 9.95264890588
22 59.5982308483 95.9294441182
23 83.6505842777 16.7367840972
24 50.6957856012 19.5360813601
