25
0 43.8901029214 17.2728494955
1 70.698368923 81.882352149
2 85.9860139249 37.4834993215
3 73.4784717381 51.3659394684
4 21.4003447994 35.9804873674
5 50.803349831 17.7855290776
6 13.0807764447 83.1971229495
7 66.0420777784 86.3662201007
8 46.6180984274 80.2722445234
9 95.7930037383 59.8105109601
10 52.1643079172 74.865097589
11 67.3967869273 35.836702429
12 9.8347803262 35.7806319722
13 12.9112962762 40.1811212481
14 40.5358747257 75.7695239945
15 45.7380648743 36.5466729214
16 86.8184847792 24.0236386334
17 46.4378199804 96.8138426379
18 47.8993941395 78.7984694213
19 71.9910685986 39.1275469599
20 78.0282679317 28.9514981254
21 36.1816514622 47.9769911781
22 43.1051197381 6.919020129
23 9.04877025743 42.5539271341
24 2.23960730534 36.7777124138
