25
0 49.7318202641 24.5662860487
1 78.6814855855 36.7142394286
2 79.6237213521 36.4619441086
3 82.8982243154 28.8000462776
4 1.6300399595 65.5888859401
5 60.9525332973 98.6849943361
6 85.9834764387 4.9001005867
7 3.49700661453 22.9712436872
8 13.2354939019 3.00177107183
9 59.4523170387 63.385825984
10 68.3366378645 68.3768261219
11 61.9824594112 7.46104340106
12 88.7403889101 3.91592107965
13 27.064572948 18.7520042993
14 64.8996900513 97.359136612
15 37.9665143703 9.50755420221
16 55.1060247301 52.7168046882
17 13.3339423381 66.8260862353
18 3.13755333155 65.7271340758
19 37.8537540954 26.7365563473
20 47.5302617068 19.8165250553
21 88.5075103158 88.3661484811
22 40.2817186185 12.0522796709
23 29.7479706216 31.779250891
24 96.6359330937 9.47356594965
