25
0 12.3403137044 97.4699697093
1 73.3128840504 51.4500156624
2 6.59136322915 33.9789980925
3 41.7292595221 59.0576153283
4 78.664315091 86.6749107986
5 65.8647574518 18.3478853392
6 63.5104032715 51.4066284816
7 83.3770755452 31.1656355764
8 14.2527298926 75.3264053724
9 34.4091957268 34.3577446559
10 7.09133162281 53.7094508492
11 43.2791462695 33.3398888095
12 2.49908817516 63.1202398999
13 85.2768769921 83.9653584058
14 75.7733048488 99.9414800493
15 41.0663887565 19.8337291147
16 15.9716252398 63.5543556118
17 18.3974766459 10.5132350135
18 63.5521838866 13.2401525269
19 76.0705993765 58.4921000125
20 86.0895150249 75.1336025895
21 86.3288552049 36.751990674
22 43.7634551268 8.82431570975
23 33.1947252947 34.5740299366
24 88.4372837202 22.1582941047
