25
0 42.6810162033 79.4075575599
1 48.3217295113 93.1258908046
2 50.3948843129 99.8768545321
3 40.1067311248 47.8844520164
4 90.6099031253 34.3805739562
5 30.6964703607 23.3002447362
6 19.4115331164 16.0829445362
7 58.240625326 66.3886450761
8 71.7370279827 20.8719158798
9 47.7785313923 84.3589158643
10 93.8172326727 43.8625740928
11 10.8923311722 74.9661131007
12 16.3797890836 3.22118521739
13 32.4226097646 67.611341438
14 0.0801771989836 40.8194425622
15 45.1910779759 89.3373148871
16 96.8208191272 86.1722693219
17 15.7930970154 45.6314921551
18 5.70125716773 58.4452135113
19 76.3191111396 0.572003306535
20 2.87886995274 14.8621628392
21 19.9045645154 20.6309262382
22 80.5425239346 22.6903245173
23 72.665644628 20.1617554749
24 90.6250600385 82.9931210666
