25
0 17.9280684089 51.9235159373
1 92.3395798169 97.5999243279
2 60.551554343 81.5729321257
3 82.3919707494 58.0829676361
4 84.7983634082 14.0304654059
5 15.8843203805 77.7832952113
6 74.2478653658 72.7154450654
7 25.8983198582 18.7183543922
8 80.4635358792 93.8907549579
9 46.2880710581 25.2039686808
10 70.3632771488 25.6298004832
11 51.2983870137 40.6539020358
12 67.6189455678 23.2595259122
13 61.9856164725 20.1028095628
14 96.6657857274 78.6761581289
15 41.6724170307 67.2748312314
16 44.9639050382 21.5022276712
17 89.0904969093 55.7540270823
18 27.3827252932 41.7142868065
19 69.5333754769 20.2908904232
20 0.541124420109 19.3563319522
21 80.9656362178 41.0795130774
22 95.5873316431 53.3874491607
23 86.7688597443 30.0799962103
24 47.3973654629 74.926214536
