25
0 62.1340218289 58.7428444499
1 16.4739051423 83.3367690345
2 80.6569619315 51.0054988314
3 1.78746902591 36.1732895719
4 38.8527266982 72.2299314229
5 27.9023994408 38.5249672511
6 49.8242302366 79.5933682717
7 73.8334277905 83.1721470966
8 32.6152676449 60.7468554187
9 40.977448452 98.4820649103
10 20.9928587894 31.5674974939
11 62.0762012135 69.4055203805
12 97.9135259992 60.9545159418
13 65.6853662063 61.1854348655
14 51.2116232339 34.8202457786
15 77.6302631771 4.59466826279
16 22.0536924311 71.7103883706
17 8.31369105615 70.6077441586
18 69.6440010984 7.33320377133
19 81.4894429897 31.9491308917
20 76.5358862233 92.0357779505
21 63.5934306096 61.4219290521
22 71.0344876585 65.2979003923
23 44.3821161832 52.5570420939
24 55.6926895837 72.6300959547
