25
0 54.2050919924 67.4167686645
1 89.2365202735 63.8156471327
2 62.6251031375 28.7707953765
3 0.188355848446 24.5096114982
4 2.15614899614 19.6828730244
5 47.6967909486 24.3589863501
6 6.85094757959 6.23775903219
7 82.2929522818 30.0293244314
8 20.2949863819 58.3590080549
9 56.9189672992 73.8454916354
10 73.2230862014 90.9453153011
11 49.9026192823 60.161839567
12 37.6776222999 24.5668523933
13 95.743046777 93.351944104
14 44.2472173184 69.8535536556
15 1.22326980335 74.11854045
16 52.4429203185 39.9440829445
17 29.0545976844 84.8985324594
18 70.1956442864 4.59143053288
19 68.6548337578 43.251831171
20 41.6350221008 89.6025451085
21 70.5887319685 79.1742911908
22 80.4958815958 36.0240238799
23 51.3599372557 23.5297499042
24 85.8914612825 91.3903104834
