25
0 64.5691886146 90.8092653925
1 85.8807772497 58.260866289
2 72.4755586547 64.3716632704
3 86.7390540274 3.98816478678
4 97.4792812609 22.5001022626
5 61.4291095987 29.4684336114
6 86.3723788815 21.6819826915
7 15.6844733587 56.8825706473
8 18.7100801828 75.5411455817
9 37.071336544 88.8919633231
10 25.7128905029 42.0885419947
11 59.1016694794 97.0123403537
12 70.8587959721 19.9530750138
13 10.6856630537 37.7210171554
14 92.5159407434 35.4668553537
15 91.5249003436 80.3420087456
16 3.55652104712 13.208929213
17 42.1711976113 48.5414034376
18 1.62196594612 51.9746302074
19 82.0778261516 23.6576706511
20 40.4359449613 96.889395281
21 23.0988266508 98.392207786
22 17.1609324218 19.1254366284
23 59.6561049859 4.01390013402
24 44.8832335963 5.10313686396
