25
0 69.1541353149 6.74055914425
1 0.0173088128095 53.5493262991
2 10.9737754418 1.84391495175
3 4.1974978249 33.4335971451
4 0.446970798162 10.0590071044
5 4.7729336591 53.4054941351
6 47.7992782428 40.1077028516
7 89.9788645811 32.7049826452
8 11.0143142069 75.5707769158
9 36.0387764979 2.1397336382
10 54.354314867 38.7990622792
11 93.4938573527 61.3230547304
12 50.0717738561 40.4733602891
13 19.7759624446 67.5912524067
14 29.0041943712 64.4062989083
15 17.1007971341 34.3674744715
16 31.4149634889 78.3870744582
17 64.2653075477 20.4352315096
18 3.56919179621 23.0301086171
19 94.2782521938 7.56475338651
20 39.2171666831 0.186900176377
21 3.30010015258 55.3013221072
22 10.4326271324 87.438056821
23 99.1880969536 8.7227919444
24 83.4639458021 89.1015804401
