25
0 25.1596307454 11.3443371162
1 37.5086203414 50.7065992144
2 33.2659494003 90.2920929834
3 38.9814129738 1.58911011226
4 18.6108503282 94.4727645217
5 73.1417685602 38.2117281898
6 5.62274614563 18.7775665193
7 23.3163237651 35.518582994
8 5.26564856248 49.9593443823
9 94.4585608794 34.0544806047
10 60.7618103967 42.6243276417
11 16.5797768093 29.8784345303
12 84.9607611793 81.2616982743
13 63.5852122479 50.0650694031
14 86.4203794086 81.9949785089
15 83.6802521084 37.4647617165
16 54.4012497687 58.2800146422
17 10.9076756567 48.9863655439
18 65.0554233736 27.4804084423
19 84.8332841468 12.4931069712
20 36.5907274547 68.203447028
21 28.6396237969 84.2215228641
22 72.2252710388 43.3476363045
23 5.57708325922 48.915801688
24 20.1889934828 59.8169085835
