25
0 72.0995724542 22.2048171947
1 71.8079586439 52.1829563719
2 34.0908389448 65.1353050313
3 0.0457850196641 20.6537904799
4 0.257609499532 77.855021532
5 31.2629765922 24.9731564013
6 84.5430770679 93.1190516908
7 39.2077439723 41.6449530642
8 53.2984740252 55.9599098205
9 81.5669086963 30.5233766883
10 44.8588673216 32.1419182753
11 56.1741714941 82.7755623956
12 47.4653241993 8.86545634309
13 9.49915864936 89.9838604671
14 4.84255090428 51.8447987119
15 33.3355209044 74.5853116291
16 83.5824285731 36.9556433459
17 20.6735555919 58.3321524507
18 14.393161309 65.7381443054
19 2.00215846184 30.7830293792
20 81.0616615885 24.0363501495
21 45.732514395 15.8937584653
22 83.3695482112 1.40252576723
23 3.38629590455 24.8592342008
24 91.7430015007 12.6596142496
