25
0 89.8264626938 68.1586920439
1 18.9757332491 80.6818165454
2 65.6290026135 99.2613540431
3 65.183996036 84.9483332149
4 90.8438970363 22.7339482983
5 51.6239493033 81.290499158
6 99.9597000009 7.10450304704
7 66.2630469421 18.1681137678
8 83.0766504195 78.1728243825
9 84.1439489 63.9921802401
10 32.3029075447 9.56649996784
11 71.6631478514 46.1749102717
12 48.8750417667 60.0699344849
13 33.1541942585 24.1363318079
14 31.515253683 11.5251061933
15 60.7032161276 13.0845685796
16 90.206773687 13.6326321372
17 31.2001763255 44.3467976551
18 98.0269114062 96.5856594913
19 87.1818232264 63.7114095399
20 21.5114558204 76.1477195746
21 73.4335528153 22.0159595422
22 72.1016121301 15.3743623986
23 82.8333067426 12.9563783186
24 90.0842955173 6.00191368005
