50
0 20.2936064269 71.1255561812
1 70.5515254334 75.7409755046
2 32.9490995995 64.6834958319
3 82.7372986758 33.1823414392
4 4.68324674973 61.5828502617
5 79.1548209923 86.4270844753
6 31.5188216153 29.3776713764
7 3.38103594184 47.1213943748
8 72.6074918568 24.4179641258
9 3.71430055349 9.93392026444
10 36.0698584803 59.6639025709
11 7.19490945195 85.9860742738
12 65.8459995445 57.6369479279
13 2.97463789812 3.28197311642
14 8.01249299658 15.8914084097
15 18.9598031244 43.076333872
16 85.7327147166 22.4869740738
17 48.8715104147 13.8483910985
18 38.7629363048 92.4577384296
19 82.4211169951 32.7201570439
20 26.1077224561 27.6872848625
21 11.2914494137 52.3742199621
22 73.9519047888 41.4199847846
23 92.8915866443 24.9805312153
24 12.558769351 97.0682003788
25 62.8916143669 51.4690315469
26 97.9093657838 52.9442340909
27 30.7921503658 47.5740830239
28 67.2092119422 44.6865457029
29 40.0894888207 98.1065495175
30 15.8451867675 87.2265511579
31 35.6835560592 41.5586664354
32 28.5615440541 75.9380261738
33 92.267392451 19.3278215241
34 61.0102814479 88.6360980116
35 93.8986005608 16.9299565344
36 8.72880876531 95.7780707862
37 85.4978645867 3.43942484877
38 5.99541130514 97.6320384188
39 33.9221382814 30.0138803933
40 68.4328126955 29.144594054
41 67.2824072801 93.4666619535
42 11.9143408169 99.6554706052
43 81.3189225091 51.4294830831
44 29.759202648 19.0959176693
45 81.0096908094 21.4577206742
46 42.256499545 98.7128075164
47 64.4275633223 38.2000709935
48 25.4432528517 5.01427839952
49 99.2204164595 73.0689921684
