50
0 48.1467214193 95.49587235
1 39.0129037669 62.2041874785
2 98.3902175238 30.8243795161
3 12.6203977921 25.5160330298
4 5.90322201279 34.7051563856
5 50.3834597404 18.349090527
6 87.1567069031 50.5807647456
7 82.4560767406 73.3615392822
8 53.0988777754 49.1653775034
9 87.595310307 82.3966751057
10 12.2691543201 39.0355341698
11 68.0633754498 41.7218841984
12 81.4010370867 43.2464855008
13 1.97305813995 60.168229546
14 24.8622231222 83.7141737505
15 31.0904403493 36.2129628095
16 35.2475802217 23.6381787441
17 73.8917964989 75.8373851483
18 17.5920136445 90.4681157375
19 28.3795155657 22.045425636
20 3.29574433709 32.1876793699
21 28.8480577007 89.3712109605
22 70.9693217946 30.6468373808
23 24.3487562728 75.0689102025
24 41.8803901351 13.4224003459
25 92.3711651845 54.3541034965
26 55.1482491808 70.7427368137
27 7.51490127925 52.4294078968
28 97.7229650845 60.7716573898
29 92.2084306932 19.6633973249
30 21.4464976803 73.4828006716
31 89.8823322152 4.44835308952
32 8.93234664377 35.7098721879
33 18.6311730997 67.0330384378
34 15.3387476229 58.856823234
35 53.4138857527 94.0134389474
36 86.0040546265 27.2705607916
37 77.1371013614 40.3200940403
38 75.4397161966 33.5586290547
39 54.6991454483 16.5629519338
40 26.5029873896 24.3862839023
41 90.5910564473 16.8556187433
42 40.198413689 38.8612259438
43 38.538503953 38.3710199416
44 21.6638111322 92.9366853543
45 8.97009936942 56.7016707905
46 94.1842355211 89.6454318658
47 98.0943971919 11.763909585
48 11.5400222665 90.8079929818
49 49.1050673655 92.4610454193
