50
0 77.945307712 18.1758011836
1 26.7817650632 71.3549291243
2 68.772673099 31.0319542014
3 64.2437483194 40.7097760941
4 15.4452240913 58.1201175316
5 10.5171256797 62.0340320231
6 97.0672046413 76.974526994
7 12.7270496891 58.8333450164
8 33.0041273626 97.6197957431
9 17.660296641 39.0455672044
10 57.7384123326 83.0659266501
11 79.6355929764 46.6739947034
12 51.7902491507 35.2294352366
13 45.9847241579 8.76426061888
14 61.374663353 68.4135561123
15 82.3801056401 51.6418347342
16 76.9253424457 60.5985604866
17 72.4560198743 80.9997837188
18 73.3726693194 22.1662528416
19 96.5273198474 76.819659212
20 60.1252599128 86.1773327962
21 6.93501159924 31.5271659837
22 27.0548122133 29.401014248
23 96.3866288595 65.2603702765
24 69.8061701794 67.9207667783
25 78.1763946045 6.1269035554
26 27.9671542151 3.68786422932
27 94.9363203364 78.789432712
28 82.4731374925 44.1465689296
29 65.2659222926 33.9902507009
30 83.3515159909 7.83432275178
31 10.6601135299 13.9292219038
32 23.8333307403 50.386096018
33 62.0525658994 11.7190062611
34 86.1268094738 24.0609340285
35 54.7709091826 0.959082902766
36 64.9517682563 91.8217059206
37 0.734921578145 75.8406606407
38 97.738223036 9.31064096383
39 24.9676231447 32.9939690227
40 47.3744935192 63.2126422725
41 17.5916690092 95.7992299733
42 45.5336101139 35.4732176703
43 95.4528214049 9.57201383192
44 48.2071107191 65.5273889177
45 4.36269216184 51.9294835154
46 4.89376712871 9.30288255228
47 13.7312995256 61.461832612
48 4.57304457867 64.945526351
49 49.2446897626 61.1508014374
