50
0 27.8262058375 9.09460789688
1 56.8592003074 52.3811950247
2 89.1042677103 70.7940868773
3 64.88774076 59.870686771
4 29.3279684655 26.2680161339
5 59.4887399902 94.5036459222
6 48.6203762888 48.2106016259
7 14.0689837035 50.4100912087
8 41.0136488693 56.8735424839
9 19.0420162161 56.0944128671
10 73.1116751515 1.62530664908
11 86.9432971439 79.2678984778
12 41.5936064398 64.1682081135
13 76.6424369523 19.7980559278
14 79.6190130375 12.2484850142
15 94.3323579885 89.2204398054
16 66.9209880508 18.2605144771
17 92.1053864377 29.455719132
18 55.723558809 39.2210524084
19 26.1918425739 23.4847107189
20 49.5003714669 9.8651538737
21 76.4974637259 79.0387426942
22 81.3785017265 92.5056424044
23 70.2134274494 5.29202239635
24 41.7553082896 6.2624512181
25 4.81514384874 8.48718124183
26 85.7867177998 86.7823007269
27 32.7227762232 16.4958636953
28 60.1900074511 7.96394006972
29 67.5429139249 20.6699144459
30 35.4433124426 23.3057980497
31 80.7741458356 74.3086866315
32 83.0306741445 89.4024486636
33 95.4360218511 67.2762137692
34 67.7639145619 87.220677118
35 81.1401926791 76.7920576288
36 31.4218045683 15.5164524914
37 73.9833979956 31.383330472
38 49.1848648807 51.6027290685
39 43.8318804811 26.0988221593
40 3.17337034696 30.2154539908
41 53.9095289998 23.5350868351
42 47.3646019338 54.2811502945
43 33.7173766614 26.4918565475
44 38.4898250985 84.7607835763
45 16.9868035721 61.9087227184
46 68.4505542206 83.2440089053
47 74.78118418 55.9006033881
48 81.9960852337 32.6370060038
49 20.2026051362 84.4153066592
