50
0 71.1339665534 70.2029380419
1 1.20023320933 82.215869144
2 94.897800539 21.7862839034
3 9.56098048095 94.2716277578
4 95.0559127672 65.1835781169
5 11.2325631162 79.3974909738
6 81.3294505303 74.8812824471
7 69.3689940816 84.3333997185
8 58.0680751913 7.18714926855
9 95.1557155253 13.3207439656
10 20.8208046601 83.8447538579
11 10.9532795061 84.2172121351
12 90.5007238004 37.3112319146
13 18.0085285264 16.8892261785
14 44.1232196939 98.1943591233
15 89.4844045133 59.6148923299
16 50.3930154804 3.80693374419
17 88.8457649386 11.1093957315
18 94.8266247413 65.1814437578
19 26.2826830915 58.5977989643
20 60.0176833402 48.818017471
21 80.0066118527 67.0040787043
22 49.1357866266 98.8301115878
23 90.8824109256 85.5569596068
24 35.4842237266 53.1979936141
25 51.2348247403 22.0111390671
26 57.2200414871 94.7582757913
27 85.7649420548 10.6653684866
28 69.5977786645 5.57400240723
29 62.5255439579 31.3669093869
30 41.074548547 50.4299028236
31 79.3783450359 66.0369402776
32 31.643342108 38.9325640633
33 13.9401761074 91.1093830716
34 92.1095535206 52.6189185753
35 37.0015927712 35.7855714937
36 56.4734416996 8.48344017892
37 95.3463684616 81.2253852694
38 65.2924631522 25.5409794018
39 5.34377402188 45.0035564696
40 49.95919777 74.6156303008
41 82.1536058892 64.6208328233
42 77.1865967119 1.46453764008
43 99.3436968707 36.9650915219
44 34.6224351543 66.9095647818
45 39.5994131143 85.8402063124
46 54.0261453461 50.174853949
47 21.0384490277 69.2934854492
48 98.5708706083 41.403445821
49 40.9212294887 24.932075462
