50
0 73.0885450098 28.56033822
1 29.448752399 52.5495933085
2 10.4861739009 12.6793647655
3 35.0964509208 67.6511786019
4 84.874014659 17.2581174818
5 89.7592767685 30.4516886439
6 50.7099101417 93.9759856729
7 59.6655463517 43.3292376323
8 29.739390279 28.9803414709
9 53.576038437 74.3053001455
10 3.92359762291 93.9652471649
11 97.175009392 8.14700976129
12 29.3115388985 45.2009175021
13 46.3288656898 94.297843356
14 40.5761760925 55.3401409395
15 4.65452372563 29.6414020319
16 98.1466024019 19.2472782354
17 87.2968126273 66.0531789736
18 17.7160336145 7.06115175897
19 39.8216860888 65.5992046339
20 86.2274392744 40.8564569128
21 59.4668495413 9.2549263729
22 51.601654824 52.4395496799
23 19.6311811622 88.0568655017
24 98.2633193192 29.4076358932
25 28.4597075525 71.0756593089
26 57.9128502208 44.531194519
27 60.0990138511 50.3150746364
28 51.9344496932 10.6479423299
29 78.6858550299 75.5523224183
30 93.193856555 60.6673513944
31 54.1610308624 3.57003526439
32 15.2906196925 45.6381745866
33 13.6979867349 10.556393323
34 60.347091439 93.1749273983
35 3.5768634036 30.5272666322
36 50.6832191128 86.1069480605
37 67.5819494358 1.01817853288
38 37.3786482614 70.5326293586
39 57.609851902 8.65843456556
40 95.8306119927 26.4131111628
41 66.6524164781 91.7555077548
42 25.6070695056 81.5483289454
43 92.2068999924 38.104754187
44 49.8744047833 64.0311629066
45 33.2815685563 76.5121925855
46 85.7816517318 39.2390612618
47 80.5643018272 94.6465791496
48 8.04611314856 4.97089030212
49 10.8840461058 78.9684522736
