50
0 46.0610382311 75.1839783152
1 55.6412906914 8.54035792228
2 94.8010275964 86.653004497
3 67.1978547135 83.5922089266
4 20.9741043754 46.1029897213
5 0.883809597921 72.0505800202
6 59.7880445386 14.5601852019
7 94.5360729701 68.4439116132
8 46.9152991508 41.051073718
9 97.5704035184 40.1795205157
10 60.7921129211 71.6938874488
11 16.412019624 28.3967974212
12 5.05634358814 32.2218634663
13 28.8125775728 93.4477411852
14 10.6811501521 54.6117659176
15 21.7651446728 95.6966457854
16 8.99658741542 58.5791682406
17 26.9275251013 22.6628363977
18 35.099030941 2.55627873034
19 45.4719951053 75.2775288489
20 43.3608270517 45.0310192981
21 72.8908950153 33.2377834781
22 3.09805690754 49.2890511616
23 84.0570425602 50.6381412026
24 15.3121475996 68.7637151716
25 83.60112049 76.5866260416
26 7.56616688338 32.9732444315
27 5.07029045008 32.1177060168
28 85.3421303576 62.9208823199
29 13.3892222878 44.4111151491
30 82.9025648681 38.2935219538
31 15.5173332718 80.7664042021
32 14.1342594104 21.4675279404
33 40.5744493978 51.2998973948
34 57.1331438109 58.0922295355
35 67.2588030972 27.3199439936
36 70.6074493859 19.3015257657
37 9.29696300923 87.0341725067
38 93.9842454216 70.5377883105
39 5.57399870119 70.7292755995
40 41.3456020506 64.8767504544
41 69.389858819 62.3943199466
42 99.3160721512 78.8479651826
43 60.5933943068 23.4856994942
44 67.1352096762 58.8709478659
45 45.2233206983 91.2694945832
46 92.6538090445 8.54241201812
47 4.19281732329 72.0629352287
48 52.2397640667 33.7372611537
49 56.8437020847 45.1029677597
