50
0 94.4783743596 58.0144742795
1 68.7349453374 10.8213303204
2 46.2804697467 72.7474293388
3 24.1772188201 50.0390498506
4 67.6024641513 28.6495903708
5 16.7916860032 57.859651588
6 66.8077207512 23.7153666393
7 71.1833786143 82.6907611557
8 50.9794584469 64.6703075252
9 62.624487263 37.2442811137
10 3.82446597424 74.548439883
11 90.7137515865 2.76451341846
12 61.3109421711 10.9588059409
13 85.6912653313 48.6042344885
14 38.0458574921 36.03346994
15 65.3075383704 25.2036198665
16 44.0395838056 31.1675433126
17 79.4957816879 17.8791668104
18 99.161477969 38.4473574906
19 20.8709880613 11.5106818475
20 16.6827443024 87.4368262173
21 18.4606866474 78.8411163046
22 60.3860024151 95.5508720882
23 10.0085124735 16.7933745686
24 27.1899921125 6.12893227719
25 34.6954123759 94.5982549481
26 53.3162640776 94.7296374261
27 15.6041394315 2.73540791167
28 45.0084362047 5.53406845194
29 80.5923391482 2.9590316461
30 40.3170009525 42.0047075824
31 44.5039838577 6.15736258244
32 35.9323727778 46.8869503808
33 64.6897463904 39.666814894
34 87.8217568358 75.4524213208
35 28.6893913028 24.5969652083
36 62.2902854423 36.6986822282
37 33.1598199099 12.0537080375
38 14.167450976 4.51247156492
39 37.1671368026 63.0984729308
40 59.5600209912 69.6772740962
41 32.6845455898 21.2410475856
42 1.71847826093 6.71413080005
43 0.555333990575 67.6165611739
44 17.9166119056 55.1344734947
45 3.24834436562 14.3239193182
46 55.6133577405 99.503499999
47 47.5508193428 76.4771160752
48 17.7976639349 80.1904179785
49 55.1276345949 48.9926991469
