50
0 61.699519466 60.6850600003
1 84.6357236436 12.0963671847
2 4.62736046264 37.7852642047
3 19.2570430535 42.0087672422
4 86.4778930585 0.435947955873
5 21.2292471037 48.7621489689
6 65.7379391747 99.460284768
7 52.2016588818 85.9997788746
8 20.6052470351 15.4424856254
9 93.9950580644 99.0839805262
10 84.579514437 16.8440690149
11 31.1611034405 94.4653760477
12 2.6037351322 91.3974280411
13 97.0340399616 3.62329637691
14 81.5840767697 97.9089247517
15 87.6788531151 92.1249659404
16 50.0409568601 83.7064026104
17 15.9978671814 61.5437178202
18 33.3758987246 94.6176787434
19 87.5736317522 67.495242729
20 59.2688688122 23.5689156131
21 74.2825821671 38.8340159331
22 94.6216443596 11.7505176154
23 36.7040403148 8.81620739753
24 44.3911243128 9.91285602244
25 54.7652507907 35.1471197536
26 84.2800425349 95.6092410218
27 33.0787798849 45.4323965349
28 34.6202645302 95.4491291582
29 39.6536781152 78.4209150836
30 40.0817323692 61.2154668439
31 63.8753339933 21.2010100157
32 9.39664751341 24.8126336246
33 1.61424237001 42.3945965713
34 95.3676354873 91.787122558
35 34.5346690723 15.7015541637
36 49.9934487962 34.1366783345
37 31.0487160672 69.0822752707
38 82.4064728056 22.7370480155
39 31.3930731627 7.85754192583
40 18.690320466 59.3035452357
41 89.9013763836 19.9405719729
42 32.4781205752 52.6875921341
43 36.7386923568 7.44860990878
44 61.8823250746 10.3390233985
45 72.7565577476 68.5155083433
46 92.6369026113 0.346699371039
47 61.0776187695 78.2712876041
48 23.7285908561 22.481110083
49 88.4889732895 28.2845312846
