50
0 47.3492821693 82.393831026
1 37.3087021368 41.0504530579
2 67.7581113842 12.8548299698
3 24.2048023685 37.0077312492
4 47.6730091479 84.2481254823
5 58.4055443133 75.4676638778
6 35.5818397573 20.5735138941
7 22.0752415581 43.3691714452
8 44.9745213104 62.715584185
9 77.8529865267 53.2419931704
10 77.2900945743 77.1527002679
11 62.7518987919 40.9707249736
12 95.8945665086 15.2915250645
13 58.9706271685 53.6849716628
14 5.90978884732 38.2365065339
15 21.3565425638 20.0472656776
16 85.7756993274 64.6504912953
17 19.7850212492 12.5419956332
18 11.4637245486 37.5758860195
19 67.0695668121 55.3039311769
20 77.6620098712 27.8191817504
21 65.6083211194 1.63091713776
22 0.22279242449 11.9659848244
23 90.8098677188 52.2098114248
24 89.305633711 36.0834068697
25 20.9294144255 97.5799186474
26 41.0121832088 86.0148460001
27 77.337282579 50.4251179372
28 20.2786903892 80.8304618579
29 35.1765421175 37.0390423843
30 99.2683389084 62.1352725661
31 35.2617162953 61.1844469187
32 37.9538263364 82.6941187669
33 26.774298089 70.5979307317
34 17.5295807844 70.8193292319
35 67.2061864235 0.319313496088
36 67.3805093332 99.25693296
37 58.1671443121 80.2286121505
38 21.1014878747 88.8686938807
39 58.4590315372 7.69565707956
40 3.94336290513 88.4366840333
41 0.471811968123 92.9136786792
42 30.1840328314 3.64428965727
43 14.4284080132 41.364946886
44 29.8361054986 31.9563225481
45 29.5322846492 36.7532364849
46 58.468841564 29.9633550911
47 12.8421539773 26.2469025141
48 99.1704243178 21.7343160638
49 9.9191665072 68.0157239433
