50
0 9.531800412 5.71182515142
1 72.652008067 99.2833672401
2 67.1847959667 25.565403436
3 6.9613056832 94.3263623116
4 94.4687455311 48.8351961119
5 30.3416845925 29.276559964
6 32.3289809392 70.7944169153
7 86.2303766715 90.5958824949
8 39.5965405085 69.6314064126
9 42.8231721417 37.7343960486
10 87.4009931546 34.1301628234
11 76.2544095875 81.3526790869
12 42.688632706 36.8883733186
13 39.0206094061 61.0780687591
14 9.02478310484 90.2518532178
15 80.6326205194 51.6746486921
16 69.2545179924 19.858832212
17 47.1865763285 9.06710292312
18 6.649041686 95.0307542664
19 48.3776837046 62.7134813855
20 28.6970116173 83.785530582
21 63.1850433865 2.41359217023
22 43.8793692939 99.9341271978
23 34.9551657402 90.9809359655
24 60.7605087839 85.9443531982
25 4.10091113342 48.8048500686
26 19.6392822463 79.4744937005
27 26.8510504811 23.0778527095
28 75.7096986525 39.4115566279
29 23.3551353022 78.8917943678
30 96.7656029415 94.144633318
31 89.504044514 93.1468584111
32 68.1360350137 31.9416487253
33 20.5670398809 9.93900660692
34 24.0802631852 38.9065988797
35 47.8809771573 35.8504464545
36 89.6932517093 29.5009744613
37 7.49593913003 21.1763332639
38 64.8875069887 71.5759946506
39 0.974527608973 98.5989848215
40 56.3231861222 57.6277707162
41 58.4995649358 96.0684885344
42 78.3109355979 99.0970213831
43 12.1462958374 12.1697856039
44 39.889433486 67.0700849194
45 70.7679704177 19.9536583139
46 48.8381798571 65.4082912764
47 22.3126554572 2.89552174758
48 71.3002604522 16.0426061279
49 90.5448576036 73.3354566202
