50
0 44.4959183622 41.4267517943
1 56.7217817856 83.6453552247
2 72.9289742525 43.364590156
3 15.3128918531 88.6007808975
4 41.0997611757 99.0592413082
5 3.33157477879 58.7200526965
6 4.90950787735 76.2640278493
7 88.0550715098 26.6936746871
8 33.7096301353 62.0308298441
9 65.3580992486 75.9870298986
10 42.1298161353 51.3939547266
11 61.6630359003 76.8647342252
12 66.1808539603 65.5937082774
13 30.7120148612 16.8128261819
14 43.8652780896 51.9267924465
15 23.6308162414 97.0829024201
16 72.7262634612 34.5158371935
17 22.4542937124 1.41135092339
18 28.0466346367 61.2177536076
19 85.044788665 34.8541261179
20 36.2279523157 99.9873962855
21 84.6425562233 76.9799804887
22 8.3014705707 78.7452381858
23 61.4226252251 37.6575851685
24 39.6821351642 81.829883097
25 99.5962373854 75.1637165849
26 56.8540305972 21.6780764181
27 68.725806695 0.771173090895
28 93.8171566917 71.7290641282
29 19.7650326755 61.9141964772
30 23.1897872006 28.8759387134
31 45.4705141773 77.1987079641
32 82.7583762962 85.8007526627
33 3.90295217379 59.0055696936
34 94.6823555274 96.0865299629
35 90.7352212291 89.2598420534
36 70.744675077 64.2145265294
37 1.13763142308 20.0252127524
38 67.8507284561 89.1015429271
39 71.1376144059 5.24313811452
40 0.724615602089 37.6351823906
41 86.519212912 21.2629470247
42 86.9386966033 15.6318904553
43 26.3426194946 81.7193016494
44 50.5234839107 31.2247415268
45 98.2649191013 94.9472513454
46 23.082935702 40.3791044618
47 58.8807721036 98.5408137354
48 0.565027302627 75.6982406673
49 18.7302207265 24.236315417
