50
0 86.9419049053 27.8498843055
1 78.0898133861 0.758667005904
2 6.84616721965 37.3484148888
3 56.0297656281 34.0706498953
4 12.2764735959 57.4267180673
5 37.2978284956 2.62334528296
6 46.0703708128 49.7586510188
7 38.4719477777 27.9145627097
8 82.2646611942 68.5611756627
9 14.2526789166 39.177036647
10 6.99378146416 90.900181677
11 45.5540540842 26.9017793887
12 17.398925772 66.8121066204
13 33.3257458491 73.4029713075
14 60.2246010436 16.7621305731
15 69.4544974366 52.9076829179
16 26.4798321578 98.695200229
17 90.0720469827 70.2501270913
18 23.295578943 93.8743337027
19 66.3756000669 76.1313147886
20 1.91370646624 47.8458656159
21 57.9399370778 96.7638345527
22 49.1594536213 48.649927164
23 15.9830825958 47.8440099178
24 2.469357963 86.6198522738
25 44.6330475813 7.06428329134
26 28.0860913672 46.1838448159
27 0.589321527285 28.7389065989
28 11.4364273982 95.6962662696
29 77.9377042404 7.32518423166
30 50.8374015628 95.5667605736
31 36.8199643441 7.16849588074
32 61.713705676 63.9496480189
33 37.6672400639 36.6564634375
34 78.8522178848 9.6599353568
35 87.7526099028 1.97993878146
36 61.3978908454 5.85191849294
37 61.7565356028 53.1085478166
38 22.5777001093 17.9548437229
39 8.50721612514 55.0716780628
40 21.9345528022 84.2887449641
41 7.17877388226 37.5588208457
42 51.0530126562 5.92797750871
43 79.6237272643 57.2740737612
44 56.9926617565 12.9868326238
45 10.2956546277 34.4527097545
46 23.2027629847 87.6651210166
47 10.6593950701 58.6303528184
48 70.4683467939 98.4236992158
49 23.8165429109 51.9185021318
