50
0 82.9918866735 0.780044859181
1 92.5573880913 51.9004927027
2 41.2931043626 53.4083267636
3 72.3701263814 39.1343310694
4 23.0295083105 27.5448313004
5 10.6499659653 58.8567213909
6 95.3222392949 57.5895251672
7 35.4719460293 84.2087889876
8 51.4031352356 23.1428056392
9 56.9032663767 91.0589523038
10 38.867247369 3.2956685688
11 66.5336918056 29.9167066886
12 91.0039801357 77.9692548536
13 17.7888780781 61.4361095741
14 1.47129589881 60.4998935422
15 49.0461986569 2.48904977815
16 5.50853664663 58.4592704894
17 81.4353228476 92.3683403271
18 75.6903294533 26.214589132
19 64.0104334639 80.5096938906
20 43.2587264776 52.5511428559
21 35.913397765 59.7742418524
22 51.5982325138 75.6909737924
23 78.8495946783 7.62681168859
24 18.9075425688 84.0189873437
25 55.5921840341 37.4002603781
26 99.4944740973 86.0994931947
27 73.8730201267 51.1687366619
28 78.7310254003 95.5894670702
29 92.7133725161 89.5142693983
30 97.341682405 69.0030878173
31 67.6687730467 9.15260596232
32 14.8740245244 63.2297285804
33 64.4408943549 13.965286884
34 90.3279663837 51.21797998
35 47.098336608 96.5224682788
36 21.0980007388 53.9504359156
37 74.9609368831 6.11184863973
38 7.70704907879 25.1442351461
39 81.5316383809 66.5719286652
40 2.25728965286 77.5090061308
41 85.9440463234 95.9782370473
42 58.7287833174 98.6878280948
43 27.4297528615 37.5933340423
44 90.471560559 49.3516940249
45 44.2266690586 24.2415529819
46 17.8424222119 8.59131670475
47 10.7646781144 94.4834645539
48 57.9821437876 93.3613106137
49 6.23584234726 68.3534994264
