50
0 98.7977767772 86.4914333139
1 28.0258072899 67.7510790747
2 95.3342182474 64.8382939381
3 97.8654450343 70.9878878615
4 67.7991711783 13.0756533047
5 33.8189314168 74.4080324105
6 0.779761358782 99.9453105996
7 6.50696189939 65.7836770078
8 98.1200575169 17.713177099
9 77.185596838 9.97624300289
10 29.0300521178 97.6715010129
11 20.8536560527 12.6489727895
12 21.7943566477 31.4488214079
13 91.9939079745 77.2108886668
14 33.9687660757 57.2623511748
15 44.395207867 87.0563092554
16 90.1880132409 60.1221393522
17 82.909113801 94.8425646011
18 68.5246741166 16.4153270213
19 35.956632962 80.5673132482
20 19.0452386857 24.4570748351
21 7.29652160441 44.5690340944
22 96.7587092644 96.9875907335
23 71.5232669029 71.6335910287
24 90.6983672422 68.6336387713
25 18.5741824269 54.5002723898
26 19.5849153425 64.7196059642
27 73.9718029101 72.7717006384
28 49.3259042685 47.9439386118
29 76.7649412309 67.0299472435
30 17.6969662006 66.1583381859
31 45.7342500622 17.2382377715
32 4.12608984224 34.8967457712
33 62.9676018807 61.4928088623
34 61.1074712234 60.7505498594
35 30.8321485191 29.7114530011
36 39.1491961978 44.7375316394
37 36.1874210892 8.42858071884
38 22.1752474686 61.6727629715
39 13.1870646047 19.9298064438
40 80.7223662549 82.9646569204
41 94.4452612994 56.3276211543
42 25.1425968405 4.56594039904
43 78.0743964912 15.9785981947
44 27.7229694762 93.2080200744
45 5.40137759973 38.1918318954
46 47.3839134636 93.6472755676
47 29.3298581346 77.5512547715
48 51.0613438778 40.4129025473
49 5.07695813528 72.1235293618
