50
0 92.930330606 25.6007579473
1 85.7194068831 50.8910865283
2 38.1209687806 7.47643905091
3 65.7749840457 91.6714466721
4 35.4416375279 43.5523962481
5 40.0945688044 36.4144872101
6 40.1475260637 99.0334272763
7 32.5261138644 92.8520646671
8 14.9259590552 72.0870048606
9 38.2933495336 55.7611365447
10 14.9867136129 63.6182232145
11 55.0542584534 69.567638975
12 31.3364102516 17.6815912127
13 18.940863935 9.87704275345
14 14.8834198055 64.0729715675
15 42.6011115427 1.21267790255
16 74.7964290715 12.1969204962
17 20.0120190959 1.34850631829
18 88.2309910037 20.5154348414
19 29.0622496917 1.73601969914
20 18.471916393 99.1755582115
21 67.3326915585 36.1968785754
22 15.2465095329 3.43806174679
23 44.9515145564 82.1800425925
24 66.2514152809 24.7122378418
25 35.9116198013 0.157440326591
26 75.9145908675 32.6501011295
27 45.3164831292 18.3463585869
28 16.9756019581 12.2665801662
29 75.7827020403 28.0670517114
30 63.237425049 24.8626771676
31 67.9044999864 66.2780217266
32 75.2426795259 5.83585758683
33 77.2455229805 32.0943673046
34 93.2323095011 47.0194860419
35 35.7146781382 54.5752938165
36 34.2919407598 80.1584225342
37 96.7966910214 87.5173845478
38 92.0446455532 9.33935142545
39 35.5249141141 74.5877563662
40 4.59235464533 15.6944509124
41 38.4129641522 81.914522711
42 2.13484863448 41.0366519716
43 97.9291734989 17.5970304965
44 84.4093460715 21.1688514086
45 77.0155755043 33.3730490681
46 30.2644576464 33.3389445412
47 5.93813139825 65.6358677507
48 97.8385822425 8.96170994788
49 78.8264331195 57.8295261423
