50
0 43.1290203903 0.313761515092
1 91.536167694 68.4301626287
2 15.0852964498 4.38430553249
3 46.2708050083 12.8801856937
4 0.187098214639 75.9022406095
5 61.1583250804 7.16744540112
6 25.1845024003 11.3058416709
7 84.0235333897 24.8305719058
8 35.6038709381 19.6698414539
9 7.13477986889 1.70150045713
10 18.8551602653 96.2147913944
11 85.8229586871 45.7115213236
12 85.1783520697 12.4710045535
13 20.2683655472 37.5037684213
14 57.5179178564 62.1104625995
15 5.61463135268 83.8109506839
16 45.9519842809 66.1999341918
17 2.78769950475 98.5670743848
18 58.3334391523 26.6288402013
19 73.7017676972 11.4655802123
20 4.62084931632 48.4719905225
21 76.2230260681 45.149646341
22 1.51722018069 51.6997321063
23 96.1838636342 51.2380359364
24 44.0909104795 36.3037626942
25 22.853676113 2.34204762382
26 25.5407963115 80.993846087
27 98.2671283056 40.4152297402
28 47.0764204481 9.06654773405
29 98.2452820729 12.1906332487
30 74.2577415558 32.2822260071
31 69.8424527736 56.6716743594
32 36.3087562856 99.9902256685
33 15.7288227535 54.6101806854
34 18.6000648586 82.3494928597
35 65.9236950343 26.3480475185
36 76.4625809554 78.3755915158
37 29.726895856 43.1243239194
38 13.2230404576 92.3602765234
39 66.1955286638 11.4202794781
40 17.5734706813 57.5027467295
41 20.2753319988 5.16139617741
42 64.637081884 10.6047734186
43 36.9146363713 97.0489594855
44 10.9993164622 95.3069518118
45 19.7934879809 83.1495523722
46 11.211798608 91.7244727297
47 90.9840171904 90.6798623195
48 96.1165992265 37.8600557588
49 20.7735574341 5.18453964239
