50
0 53.4140935795 23.0699883567
1 52.3378924837 58.8502855728
2 55.026990473 5.28976601627
3 6.17299524301 77.7597410216
4 59.9377820315 32.3366368699
5 36.0929504927 6.02554644178
6 31.3142573129 3.54127419348
7 28.4867041609 34.2985027362
8 25.7498939068 34.4858440864
9 96.3546041697 92.6878190219
10 1.52047459481 90.7900255681
11 78.9952845627 26.3986710878
12 27.1510805317 91.6040366507
13 17.8115207444 95.0255004048
14 38.5007683953 73.6045496385
15 87.5863904749 92.4165034896
16 19.3634176005 45.8975027476
17 14.4977158686 4.52580188142
18 22.6954376331 36.2774915176
19 36.069798502 95.5806747298
20 45.3204902051 35.4618391399
21 20.557842433 31.3444429799
22 2.19630857189 89.5467680137
23 73.9176019825 71.5562599805
24 3.25907334787 63.0337423991
25 96.7774252779 5.3049586293
26 4.81404072749 76.0931573893
27 64.3913373815 18.2581548148
28 77.0787315837 51.0250902421
29 51.6825575591 75.4399197019
30 62.812839914 11.6642181613
31 69.6978137138 1.48011873431
32 31.5471955941 71.6246443648
33 90.9455121076 11.9226155732
34 45.7380706893 36.5334642367
35 59.2645488769 30.2105273523
36 66.2749953001 62.4371342231
37 6.08783722869 37.3471801335
38 46.0418337513 38.7871054595
39 53.6405778593 72.5829974261
40 8.6111197529 73.6055418561
41 41.4239601795 46.0356554099
42 44.6813573713 88.6189969769
43 75.6937837794 50.0099052186
44 22.9689606405 3.02670084286
45 75.5153231903 64.8672605995
46 98.0451936458 40.1806673426
47 16.8978544291 56.2407875759
48 70.14944858 74.3632962597
49 47.5483066576 83.0357619346
