50
0 69.6171163154 57.0829089399
1 88.1093081028 49.4439231143
2 80.6674794515 6.28362672692
3 75.9293331655 4.9684337244
4 39.5946486238 21.9208146138
5 4.23436804367 10.7183878071
6 0.158819236337 62.9143032041
7 77.2458483979 67.3288591043
8 39.673500324 95.9310163937
9 91.3828452085 86.0798183195
10 16.6380937473 23.6601121323
11 61.4710242249 50.9091397955
12 50.0914724562 13.4206951372
13 12.134973551 70.2429904741
14 14.3079760255 52.6813637403
15 76.4054974463 59.2126680179
16 23.529830724 23.9994934351
17 57.934928163 48.7528814859
18 36.7893822174 36.8690465747
19 35.9205923401 97.3106611259
20 36.9915648618 18.3216030233
21 50.5401238317 88.49165859
22 14.552022013 69.6935182151
23 62.3221835004 57.3745848443
24 23.3352855249 51.5162455975
25 43.1473082336 15.3448813049
26 5.4342970708 21.4257132114
27 16.2280956249 57.7779915432
28 0.767771809175 51.4249954464
29 58.649062524 97.9424669823
30 98.6861458838 37.2414556989
31 89.1330838776 78.8132940286
32 76.624025669 85.1465391782
33 44.6592792203 50.2401703736
34 15.3555661008 26.3079588834
35 48.3834156471 44.8302605675
36 98.2395589553 37.3931586099
37 53.5227885705 42.7706306528
38 40.2923417218 43.3976248503
39 44.9354896926 26.6924828662
40 18.8155238867 20.158653165
41 11.2380206987 3.62791725785
42 3.89139837282 79.2208434523
43 80.1745008368 34.9396676553
44 34.6936942138 9.51806737406
45 54.9734765982 38.5518003744
46 1.47184172579 11.2450633437
47 66.4628689371 45.6115888063
48 96.6224940447 18.7271008487
49 74.6736620925 7.79270879471
