50
0 29.6439563196 57.7722005103
1 36.1246858133 48.0621882084
2 36.9224892656 56.614589343
3 76.3013265525 79.134526585
4 28.2598997153 53.535259597
5 85.0737934847 22.7252035355
6 25.9715834782 36.1480709719
7 2.68730446988 40.025487356
8 99.7679848592 12.4856382418
9 18.354208113 48.6718908149
10 40.9657098702 32.2405662065
11 11.8713694922 21.4779402119
12 88.0076244223 63.5353306662
13 43.3834834291 70.4211486588
14 60.6834780645 80.2475942803
15 81.2062089741 57.3679318911
16 38.9206875294 46.4537944688
17 85.3749842291 13.782778958
18 28.760438067 82.7416688077
19 25.7479146494 40.9146518929
20 89.040667086 75.592084098
21 52.8150105481 14.9791212824
22 8.49071302829 35.1930911157
23 94.2920294822 34.5163308015
24 96.7527071173 88.6627371776
25 26.3225197252 33.1271025715
26 89.3964045863 57.5515019109
27 82.7772115391 8.86172544117
28 17.4529691618 93.2327057412
29 92.218581326 67.2770193887
30 41.3753811561 23.477675604
31 2.89026623637 75.6761381402
32 73.2281525514 92.1286117901
33 49.7438662833 91.4193414571
34 56.5397521621 85.250678202
35 17.9672120979 45.323116131
36 65.6599845308 72.9834080102
37 18.7726755622 89.5392057027
38 28.3363934369 86.0798612759
39 22.3757785762 38.4547526683
40 32.3967672914 0.72593278444
41 94.6849665446 45.9333737275
42 80.1148315934 8.10103140181
43 97.9158056271 11.650863032
44 59.1992140711 37.6141174032
45 90.7122537197 48.1921022369
46 92.5272207144 39.2870835982
47 86.3056738967 27.7812464982
48 60.5033674277 70.2193106614
49 10.7044126676 57.8828369972
