50
0 95.1918542402 22.7048634601
1 65.5651687014 17.089728868
2 70.3039335055 14.2335251371
3 31.1789376471 96.2424018126
4 43.1356524694 77.6483378607
5 79.6157615247 53.9370022367
6 55.8739009614 62.1950759701
7 37.4964223575 63.7640278931
8 68.0065125068 75.8031535107
9 81.4213537965 19.0802338906
10 76.8239928886 90.5207436082
11 49.894842225 7.73036859649
12 6.22155477663 98.3645725884
13 41.7777409938 66.3879624454
14 36.4801774733 72.3234739565
15 32.7165566249 28.8518032798
16 50.5975139632 97.3837086606
17 37.0501458509 18.7713496429
18 92.7608066088 35.0120070067
19 12.9848258418 98.8000817052
20 86.072219082 96.2570810527
21 81.3602667731 83.3173109509
22 37.4895545537 72.395953627
23 29.6414037661 32.2506368521
24 92.6515491721 58.4289528498
25 91.2791304539 22.6496335985
26 85.5767139961 98.0278678307
27 67.8484655193 12.8826298624
28 48.3861895267 53.1158037092
29 43.724793197 27.5179352375
30 66.6548153341 99.7646554526
31 52.4231706143 67.4690081919
32 26.6951894159 60.8357862957
33 33.4458508083 99.971533811
34 22.4118920684 9.61610788461
35 36.2470541335 35.5946077215
36 22.6760449584 34.1027719926
37 7.41486981796 5.26163663734
38 9.01240134938 92.4465433256
39 11.8965724716 82.0662582137
40 57.8721827572 53.171098617
41 85.7638857316 59.78186736
42 30.4745622931 35.6289764511
43 30.7189128148 9.04266932949
44 8.6273578963 91.2057961212
45 37.4304736805 68.6030724197
46 55.0908262352 35.9584812064
47 42.4296693619 1.26663372243
48 61.9570265665 4.24042997142
49 26.4928919111 11.1750928701
