50
0 76.8527433684 17.3125672804
1 18.5447159294 29.0877526671
2 43.0701328906 50.0547774377
3 73.7765286341 87.3060163224
4 41.2011819469 20.3448283029
5 55.9733146367 88.9418059622
6 19.8373271931 62.1559961581
7 62.9045983161 71.9959744935
8 1.66789842135 20.0811682123
9 94.9854018743 10.7527386487
10 59.5660292276 83.1129873183
11 95.9115489794 62.6225870606
12 38.150804315 4.01663693495
13 25.0487567378 70.6684618822
14 4.69906549045 24.4439269232
15 65.0276739452 6.1134716501
16 59.5508155735 92.2880549967
17 27.2332699927 92.1196906024
18 91.3746047469 30.6675938819
19 0.644990697287 14.6762549037
20 70.6880253637 73.9983568133
21 33.1529070002 34.7017556948
22 84.7207462489 77.8930481919
23 75.6148276469 56.2528311487
24 43.9290055871 61.8384792459
25 36.5378288303 27.9515448145
26 99.5976981656 47.5954910924
27 7.68078220394 89.0219264982
28 8.90136690854 29.7137226988
29 44.6810989855 40.9888749315
30 37.4882875619 77.0000383422
31 19.4131102027 23.6668806363
32 26.5927913419 0.113273520391
33 29.5171600409 24.0673032502
34 61.1067738853 34.4373162955
35 62.8148360577 42.2742452606
36 46.5310045132 46.5267530275
37 64.7522126101 61.2415254953
38 61.5850907441 74.9477396696
39 77.0653108087 51.009032651
40 0.971036561368 1.37686337623
41 43.7046821264 81.8476189788
42 66.9433503999 28.4585185559
43 51.1579458388 57.9535594929
44 50.9596776213 90.1962025155
45 65.8257149068 79.567500258
46 95.0968773504 32.3789870342
47 17.5482833401 48.8239315869
48 73.166389462 70.984683984
49 85.4988423847 42.1440275789
