50
0 13.880598902 13.6600855568
1 97.9166510022 9.4016658252
2 20.759079096 4.99172129944
3 41.6206485004 65.9574553181
4 39.7559289125 66.9478792042
5 36.2888887607 40.110210225
6 96.47862947 23.8114463468
7 88.1654039435 68.6669205952
8 82.3571804267 77.057667266
9 75.2844916716 5.11885008197
10 30.0355277787 52.9993022809
11 1.5349025408 31.277955981
12 68.8650584274 5.663140743
13 61.9234707481 91.4975260696
14 77.9247481015 4.18841437683
15 77.7949266745 61.8968804376
16 62.8215641804 1.97685509564
17 19.576601039 94.0860640372
18 80.7939096502 93.7725377422
19 21.4733763665 3.19268332937
20 58.4650251465 12.7445160897
21 17.8749479527 58.1276992699
22 14.3965507298 94.6924077287
23 50.6414224084 12.4878360374
24 0.644372652314 76.9227280116
25 51.5552070057 23.9143077565
26 43.6426146158 91.6890972306
27 90.9001308401 40.643184363
28 45.9591097137 88.5093157674
29 79.2065078869 91.322316637
30 31.5561566425 17.4055413217
31 34.908894475 42.9273030891
32 10.4685347934 91.1612292282
33 57.2819852187 62.6538116831
34 34.152986713 92.8599075072
35 94.0505431459 52.9544190311
36 91.6756341289 99.1299591435
37 6.88055354392 37.6225749694
38 76.9032224215 93.6117450517
39 62.2005654484 58.153002716
40 19.9519979273 18.2738454166
41 59.063891169 2.71511008029
42 20.772322347 61.5272915925
43 58.2013529856 97.3915685387
44 97.404700557 35.1312704907
45 13.8667919769 87.7973379654
46 84.5538986723 34.3737549973
47 92.8629023062 55.3231103055
48 24.3325889853 24.5723425992
49 93.4537727313 0.765061905359
