50
0 51.2172878091 92.2724956211
1 44.8188693985 79.1443815394
2 19.7798234471 64.1380355513
3 22.8553072694 29.6045666031
4 15.5309342104 35.7180663545
5 31.2269517433 24.6654387281
6 60.3616801216 86.2840103901
7 11.9102967587 64.6821545924
8 5.92898487362 57.1919984454
9 28.0019758548 33.4004309745
10 52.1860883772 74.635760538
11 18.3660708663 95.7539540839
12 2.49714918156 14.8292209332
13 36.074254768 66.6289173101
14 90.3700272744 11.8563800266
15 80.7133566886 11.1986500206
16 7.99592372692 46.0865156823
17 15.7427111497 38.814822597
18 72.8726699747 95.5839134156
19 38.0866193751 35.2159558736
20 68.3826959763 76.4343945664
21 39.0801992141 64.8150163473
22 1.24266967423 9.05385406881
23 85.8061887229 33.3769454316
24 20.4370500238 35.3754080574
25 51.3758687897 65.1410476027
26 74.9479850379 82.3896298469
27 84.4088595006 85.5670690497
28 65.1211123609 95.9566792537
29 90.9879033227 54.3378067896
30 17.7782461412 41.1073391459
31 37.2990535942 25.9402489701
32 49.8742417579 38.7016301633
33 85.2252030877 68.6455737108
34 23.4772075226 85.9733869448
35 1.30552773008 24.0045706581
36 43.0401438941 97.7052645772
37 50.7032705269 36.9671608995
38 77.9421791523 3.83459163843
39 9.39678669419 19.0463412334
40 39.6479418178 39.5898982504
41 21.349737859 78.85038549
42 74.0250704676 76.2144593832
43 13.0928183878 26.9619053446
44 36.7227817137 77.55148857
45 95.949920597 16.2227704378
46 23.7154275653 33.556547665
47 64.9525670005 53.5142083973
48 30.3252213762 24.8835769455
49 88.854630023 70.7974668836
