50
0 49.4330445287 93.401233771
1 64.7765179038 0.438819038959
2 31.5840014334 93.7340397965
3 34.9035881596 21.2632783606
4 90.7839990442 11.8185980545
5 21.2665004283 43.1837704954
6 36.1054736579 55.9902393085
7 0.837395700804 55.0300768785
8 75.4721639799 13.8791227035
9 82.0053119096 87.6550303121
10 48.8824011911 11.5458293138
11 61.6413552888 85.8466565346
12 28.4069923693 11.6278215639
13 44.4656456003 78.5776817518
14 79.4519923086 0.889002318301
15 20.8634200064 49.1254997249
16 81.655897773 66.9564013582
17 73.4747649921 50.6736030661
18 14.9022054495 6.19909720565
19 67.7148330439 76.9119161018
20 67.5784894374 3.56177213044
21 71.9598720696 22.595509465
22 62.6235440635 34.4375348696
23 51.2241263734 55.0464614743
24 46.569149503 67.7671583595
25 22.1933855601 46.9997676808
26 62.2409629854 95.2963839638
27 19.8836675923 13.9351413769
28 29.2803980493 81.5908723858
29 22.6718975656 85.5277864355
30 68.182163472 81.9209113514
31 40.979446475 56.7242649286
32 60.3676637203 30.949688854
33 81.4016168866 49.1066072115
34 86.087179979 92.1292055958
35 46.6259287763 58.7630006875
36 59.4808176341 56.9072273657
37 37.6127973272 34.6359956134
38 85.4775868238 18.49942324
39 21.6575581307 39.7607051338
40 69.6386377588 77.9384868276
41 67.5415751882 90.2313548944
42 51.3036884018 86.9762888298
43 69.3802254069 65.7556671168
44 68.2608560318 26.2876375986
45 6.92136535537 4.28005704169
46 65.2676404652 17.1004132883
47 71.355603262 57.6221099834
48 19.7853020878 12.8104686405
49 44.6392817569 7.51399675145
