Number of problems solved: 100
Average solution cost (across 100 trials): 846.300053567
Average solution time: 0.227249028683

Solution cost list (cost, problemsize, trial number)
----------------------------
335.652618329 10 0
355.553319836 10 1
366.690944727 10 2
309.869994951 10 3
375.404177428 10 4
334.961067915 10 5
420.799845831 10 6
433.674538814 10 7
387.767071735 10 8
410.786234452 10 9
353.719564503 10 10
306.061812439 10 11
427.572544903 10 12
279.831201512 10 13
403.118442181 10 14
390.636086926 10 15
294.612594124 10 16
365.983152827 10 17
309.247112132 10 18
358.812301161 10 19
395.936664831 10 20
360.681037376 10 21
379.001071379 10 22
424.176383531 10 23
486.975114651 10 24
686.595886461 25 0
749.132827708 25 1
681.495290155 25 2
707.097143795 25 3
602.946478565 25 4
523.367523631 25 5
644.205706929 25 6
650.121223917 25 7
567.899977221 25 8
398.04446823 25 9
685.673096324 25 10
960.506904012 25 11
602.928051165 25 12
773.549347548 25 13
565.002419348 25 14
711.163432707 25 15
540.356947891 25 16
604.759181369 25 17
509.463468643 25 18
614.601804223 25 19
593.904162543 25 20
572.109510602 25 21
466.661563489 25 22
633.389940662 25 23
597.809219316 25 24
987.752503264 50 0
815.550267275 50 1
841.915634101 50 2
792.794997636 50 3
855.674057423 50 4
720.142054826 50 5
940.511083676 50 6
937.961627905 50 7
888.031431521 50 8
1119.53077619 50 9
824.327975689 50 10
1366.60496 50 11
764.712156992 50 12
909.849347619 50 13
755.398698362 50 14
1169.47471555 50 15
854.115499476 50 16
735.250381012 50 17
1001.79513167 50 18
910.06403771 50 19
1058.59750088 50 20
1075.66355705 50 21
995.916708206 50 22
1222.60547111 50 23
786.947944742 50 24
1484.17852155 100 0
1624.28849583 100 1
1309.49148955 100 2
1663.14611164 100 3
1687.36586514 100 4
1540.607153 100 5
1477.67341068 100 6
1372.7559842 100 7
1339.48195019 100 8
1377.2531446 100 9
1465.1633681 100 10
1431.72864292 100 11
1502.67612334 100 12
1315.54306916 100 13
1427.67759423 100 14
1378.78494871 100 15
1452.56045013 100 16
1456.81705567 100 17
1307.42114321 100 18
1700.72861407 100 19
1628.09815888 100 20
1158.51345222 100 21
1337.1106014 100 22
1300.95773069 100 23
1648.4832827 100 24


Solution times list (time, problemsize, trial number)
----------------------------
0.000986099243164 10 0
0.00107192993164 10 1
0.00117015838623 10 2
0.00107097625732 10 3
0.00102686882019 10 4
0.00339794158936 10 5
0.0011088848114 10 6
0.00109100341797 10 7
0.00101494789124 10 8
0.00102496147156 10 9
0.00102114677429 10 10
0.00103116035461 10 11
0.00100994110107 10 12
0.000994920730591 10 13
0.0010290145874 10 14
0.00095796585083 10 15
0.000998020172119 10 16
0.00101900100708 10 17
0.00101208686829 10 18
0.00096607208252 10 19
0.000968933105469 10 20
0.000993013381958 10 21
0.00100517272949 10 22
0.000980138778687 10 23
0.000970125198364 10 24
0.0167770385742 25 0
0.0134410858154 25 1
0.0131781101227 25 2
0.017413854599 25 3
0.0141899585724 25 4
0.0132129192352 25 5
0.014007806778 25 6
0.0166821479797 25 7
0.0166108608246 25 8
0.0154058933258 25 9
0.0164530277252 25 10
0.0164830684662 25 11
0.014142036438 25 12
0.0160501003265 25 13
0.0134298801422 25 14
0.0175199508667 25 15
0.0160310268402 25 16
0.0132098197937 25 17
0.0173318386078 25 18
0.0161769390106 25 19
0.0134999752045 25 20
0.0171990394592 25 21
0.0161330699921 25 22
0.0163650512695 25 23
0.0162281990051 25 24
0.107526063919 50 0
0.10727596283 50 1
0.106429100037 50 2
0.105470895767 50 3
0.111319065094 50 4
0.109612226486 50 5
0.109548091888 50 6
0.11186003685 50 7
0.10872387886 50 8
0.10661816597 50 9
0.103812932968 50 10
0.104115962982 50 11
0.104798078537 50 12
0.104207992554 50 13
0.10631108284 50 14
0.102331876755 50 15
0.106327056885 50 16
0.104944944382 50 17
0.106515884399 50 18
0.103020906448 50 19
0.109891891479 50 20
0.107766151428 50 21
0.107647180557 50 22
0.110012054443 50 23
0.109847068787 50 24
0.787986040115 100 0
0.785050153732 100 1
0.794121980667 100 2
0.797216892242 100 3
0.787084102631 100 4
0.783124923706 100 5
0.786471128464 100 6
0.798993110657 100 7
0.785842895508 100 8
0.767899036407 100 9
0.792419910431 100 10
0.778898954391 100 11
0.79346704483 100 12
0.778383970261 100 13
0.781519889832 100 14
0.79771399498 100 15
0.77820110321 100 16
0.782222986221 100 17
0.778038978577 100 18
0.79150390625 100 19
0.774039030075 100 20
0.789658069611 100 21
0.781027078629 100 22
0.782915115356 100 23
0.780074834824 100 24


Nodes generated list----------------------------
Size: 10 Trial: 0 Generated: 14
Size: 10 Trial: 1 Generated: 16
Size: 10 Trial: 2 Generated: 11
Size: 10 Trial: 3 Generated: 16
Size: 10 Trial: 4 Generated: 17
Size: 10 Trial: 5 Generated: 18
Size: 10 Trial: 6 Generated: 13
Size: 10 Trial: 7 Generated: 17
Size: 10 Trial: 8 Generated: 21
Size: 10 Trial: 9 Generated: 13
Size: 10 Trial: 10 Generated: 17
Size: 10 Trial: 11 Generated: 18
Size: 10 Trial: 12 Generated: 19
Size: 10 Trial: 13 Generated: 13
Size: 10 Trial: 14 Generated: 24
Size: 10 Trial: 15 Generated: 15
Size: 10 Trial: 16 Generated: 13
Size: 10 Trial: 17 Generated: 13
Size: 10 Trial: 18 Generated: 20
Size: 10 Trial: 19 Generated: 9
Size: 10 Trial: 20 Generated: 17
Size: 10 Trial: 21 Generated: 15
Size: 10 Trial: 22 Generated: 17
Size: 10 Trial: 23 Generated: 10
Size: 10 Trial: 24 Generated: 18
Size: 25 Trial: 0 Generated: 79
Size: 25 Trial: 1 Generated: 64
Size: 25 Trial: 2 Generated: 90
Size: 25 Trial: 3 Generated: 125
Size: 25 Trial: 4 Generated: 71
Size: 25 Trial: 5 Generated: 38
Size: 25 Trial: 6 Generated: 39
Size: 25 Trial: 7 Generated: 115
Size: 25 Trial: 8 Generated: 88
Size: 25 Trial: 9 Generated: 54
Size: 25 Trial: 10 Generated: 100
Size: 25 Trial: 11 Generated: 93
Size: 25 Trial: 12 Generated: 75
Size: 25 Trial: 13 Generated: 138
Size: 25 Trial: 14 Generated: 114
Size: 25 Trial: 15 Generated: 117
Size: 25 Trial: 16 Generated: 60
Size: 25 Trial: 17 Generated: 55
Size: 25 Trial: 18 Generated: 42
Size: 25 Trial: 19 Generated: 44
Size: 25 Trial: 20 Generated: 51
Size: 25 Trial: 21 Generated: 73
Size: 25 Trial: 22 Generated: 48
Size: 25 Trial: 23 Generated: 73
Size: 25 Trial: 24 Generated: 62
Size: 50 Trial: 0 Generated: 223
Size: 50 Trial: 1 Generated: 126
Size: 50 Trial: 2 Generated: 156
Size: 50 Trial: 3 Generated: 151
Size: 50 Trial: 4 Generated: 383
Size: 50 Trial: 5 Generated: 170
Size: 50 Trial: 6 Generated: 291
Size: 50 Trial: 7 Generated: 262
Size: 50 Trial: 8 Generated: 333
Size: 50 Trial: 9 Generated: 257
Size: 50 Trial: 10 Generated: 223
Size: 50 Trial: 11 Generated: 300
Size: 50 Trial: 12 Generated: 139
Size: 50 Trial: 13 Generated: 247
Size: 50 Trial: 14 Generated: 99
Size: 50 Trial: 15 Generated: 155
Size: 50 Trial: 16 Generated: 99
Size: 50 Trial: 17 Generated: 115
Size: 50 Trial: 18 Generated: 215
Size: 50 Trial: 19 Generated: 207
Size: 50 Trial: 20 Generated: 138
Size: 50 Trial: 21 Generated: 163
Size: 50 Trial: 22 Generated: 225
Size: 50 Trial: 23 Generated: 236
Size: 50 Trial: 24 Generated: 224
Size: 100 Trial: 0 Generated: 559
Size: 100 Trial: 1 Generated: 452
Size: 100 Trial: 2 Generated: 369
Size: 100 Trial: 3 Generated: 317
Size: 100 Trial: 4 Generated: 445
Size: 100 Trial: 5 Generated: 642
Size: 100 Trial: 6 Generated: 305
Size: 100 Trial: 7 Generated: 254
Size: 100 Trial: 8 Generated: 542
Size: 100 Trial: 9 Generated: 409
Size: 100 Trial: 10 Generated: 417
Size: 100 Trial: 11 Generated: 768
Size: 100 Trial: 12 Generated: 597
Size: 100 Trial: 13 Generated: 351
Size: 100 Trial: 14 Generated: 591
Size: 100 Trial: 15 Generated: 432
Size: 100 Trial: 16 Generated: 374
Size: 100 Trial: 17 Generated: 492
Size: 100 Trial: 18 Generated: 394
Size: 100 Trial: 19 Generated: 636
Size: 100 Trial: 20 Generated: 475
Size: 100 Trial: 21 Generated: 524
Size: 100 Trial: 22 Generated: 606
Size: 100 Trial: 23 Generated: 305
Size: 100 Trial: 24 Generated: 654
