Number of problems solved: 100
Average solution cost (across 100 trials): 1081.41715308
Average solution time: 9.53047031641

Solution cost list (cost, problemsize, trial number)
----------------------------
289.252665575 10 0
289.824433435 10 1
304.032033607 10 2
255.593125151 10 3
302.077587576 10 4
271.575454198 10 5
285.34608604 10 6
323.108778744 10 7
319.274448015 10 8
271.594053352 10 9
274.580914275 10 10
290.611080884 10 11
364.489930044 10 12
279.831201512 10 13
291.954914984 10 14
298.543765768 10 15
256.778546175 10 16
243.796535809 10 17
271.180746872 10 18
286.673831606 10 19
264.371203338 10 20
316.456229187 10 21
254.079307157 10 22
318.965102851 10 23
315.954449431 10 24
558.111710299 25 0
490.19458642 25 1
471.843738022 25 2
558.719445424 25 3
542.923547578 25 4
585.540285339 25 5
596.886928029 25 6
540.472830942 25 7
526.759193965 25 8
507.029009519 25 9
515.37698396 25 10
613.455518767 25 11
555.854288691 25 12
543.169064266 25 13
593.01916712 25 14
571.301145546 25 15
498.789185476 25 16
705.769286109 25 17
529.95962865 25 18
516.823086054 25 19
607.720013033 25 20
540.682358989 25 21
620.167463171 25 22
511.045453804 25 23
517.919240131 25 24
1040.50179917 50 0
1010.89589985 50 1
949.319800216 50 2
1247.91787572 50 3
1113.26563692 50 4
1128.81468614 50 5
1200.4255222 50 6
1122.15702739 50 7
969.482102361 50 8
1021.36170165 50 9
1041.23702218 50 10
1075.91071446 50 11
1010.62866815 50 12
1054.57673381 50 13
1230.43342518 50 14
1176.56012117 50 15
1013.88056499 50 16
914.639398171 50 17
1233.46141698 50 18
1120.11515819 50 19
1053.33754085 50 20
1266.94781461 50 21
964.331415154 50 22
1158.18000487 50 23
1083.59248827 50 24
2450.85178955 100 0
2587.27805105 100 1
2499.72660867 100 2
2601.05436933 100 3
2211.19202454 100 4
2427.62281884 100 5
2328.37688534 100 6
2327.03286693 100 7
2569.60722228 100 8
2460.4581937 100 9
2309.35747885 100 10
2272.23018757 100 11
2255.86056418 100 12
2236.97310626 100 13
2586.79096695 100 14
2339.33978668 100 15
2286.25481287 100 16
2492.07783349 100 17
2415.59737933 100 18
2567.7411318 100 19
2452.35208551 100 20
2222.02916714 100 21
2220.27010886 100 22
2438.63586872 100 23
2321.54987644 100 24


Solution times list (time, problemsize, trial number)
----------------------------
2.17170500755 10 0
2.07467293739 10 1
2.11020994186 10 2
2.10359692574 10 3
2.11207199097 10 4
2.10137987137 10 5
2.07887792587 10 6
2.06821203232 10 7
2.13795113564 10 8
2.09504294395 10 9
2.12505888939 10 10
2.08667707443 10 11
2.10547804832 10 12
2.45473504066 10 13
2.38867902756 10 14
2.15696501732 10 15
2.20336699486 10 16
2.27149105072 10 17
2.19520902634 10 18
2.15433001518 10 19
2.28283691406 10 20
2.1995651722 10 21
2.36721014977 10 22
2.17983198166 10 23
2.15006899834 10 24
5.20878005028 25 0
5.08705401421 25 1
4.90535902977 25 2
4.96094799042 25 3
4.95315384865 25 4
5.06082010269 25 5
4.96968984604 25 6
5.01571011543 25 7
5.19597816467 25 8
5.26665210724 25 9
5.22890400887 25 10
5.25354504585 25 11
5.52195096016 25 12
5.12584495544 25 13
5.14176011086 25 14
5.21051001549 25 15
5.13534998894 25 16
5.30753993988 25 17
5.10861682892 25 18
5.01109600067 25 19
5.00340008736 25 20
5.04767012596 25 21
5.15189695358 25 22
5.55524587631 25 23
5.03901290894 25 24
10.0095760822 50 0
9.84689712524 50 1
9.80661010742 50 2
10.3809220791 50 3
9.88758397102 50 4
10.0000882149 50 5
9.83752179146 50 6
10.0284278393 50 7
10.267952919 50 8
9.96235108376 50 9
10.0178940296 50 10
9.87997412682 50 11
9.88648915291 50 12
9.87424492836 50 13
9.77785587311 50 14
9.83092188835 50 15
9.8648750782 50 16
9.91358494759 50 17
9.82469511032 50 18
9.84758806229 50 19
9.90845704079 50 20
10.1620240211 50 21
10.4081540108 50 22
10.168815136 50 23
10.786053896 50 24
21.1853671074 100 0
20.0884439945 100 1
19.6795649529 100 2
19.8141400814 100 3
19.9173579216 100 4
19.9951219559 100 5
19.9860179424 100 6
21.8620691299 100 7
22.0546998978 100 8
21.2995150089 100 9
19.9527440071 100 10
19.6624228954 100 11
20.1422219276 100 12
22.4249999523 100 13
23.0811231136 100 14
22.2785468102 100 15
21.860929966 100 16
20.1991388798 100 17
20.2888431549 100 18
21.3447220325 100 19
21.0476851463 100 20
20.5315649509 100 21
20.1886410713 100 22
20.1607940197 100 23
20.9790840149 100 24


Nodes generated list----------------------------
Size: 10 Trial: 0 Generated: 3066
Size: 10 Trial: 1 Generated: 3066
Size: 10 Trial: 2 Generated: 3066
Size: 10 Trial: 3 Generated: 3066
Size: 10 Trial: 4 Generated: 3066
Size: 10 Trial: 5 Generated: 3066
Size: 10 Trial: 6 Generated: 3066
Size: 10 Trial: 7 Generated: 3066
Size: 10 Trial: 8 Generated: 3066
Size: 10 Trial: 9 Generated: 3066
Size: 10 Trial: 10 Generated: 3066
Size: 10 Trial: 11 Generated: 3066
Size: 10 Trial: 12 Generated: 3066
Size: 10 Trial: 13 Generated: 3066
Size: 10 Trial: 14 Generated: 3066
Size: 10 Trial: 15 Generated: 3066
Size: 10 Trial: 16 Generated: 3066
Size: 10 Trial: 17 Generated: 3066
Size: 10 Trial: 18 Generated: 3066
Size: 10 Trial: 19 Generated: 3066
Size: 10 Trial: 20 Generated: 3066
Size: 10 Trial: 21 Generated: 3066
Size: 10 Trial: 22 Generated: 3066
Size: 10 Trial: 23 Generated: 3066
Size: 10 Trial: 24 Generated: 3066
Size: 25 Trial: 0 Generated: 3066
Size: 25 Trial: 1 Generated: 3066
Size: 25 Trial: 2 Generated: 3066
Size: 25 Trial: 3 Generated: 3066
Size: 25 Trial: 4 Generated: 3066
Size: 25 Trial: 5 Generated: 3066
Size: 25 Trial: 6 Generated: 3066
Size: 25 Trial: 7 Generated: 3066
Size: 25 Trial: 8 Generated: 3066
Size: 25 Trial: 9 Generated: 3066
Size: 25 Trial: 10 Generated: 3066
Size: 25 Trial: 11 Generated: 3066
Size: 25 Trial: 12 Generated: 3066
Size: 25 Trial: 13 Generated: 3066
Size: 25 Trial: 14 Generated: 3066
Size: 25 Trial: 15 Generated: 3066
Size: 25 Trial: 16 Generated: 3066
Size: 25 Trial: 17 Generated: 3066
Size: 25 Trial: 18 Generated: 3066
Size: 25 Trial: 19 Generated: 3066
Size: 25 Trial: 20 Generated: 3066
Size: 25 Trial: 21 Generated: 3066
Size: 25 Trial: 22 Generated: 3066
Size: 25 Trial: 23 Generated: 3066
Size: 25 Trial: 24 Generated: 3066
Size: 50 Trial: 0 Generated: 3066
Size: 50 Trial: 1 Generated: 3066
Size: 50 Trial: 2 Generated: 3066
Size: 50 Trial: 3 Generated: 3066
Size: 50 Trial: 4 Generated: 3066
Size: 50 Trial: 5 Generated: 3066
Size: 50 Trial: 6 Generated: 3066
Size: 50 Trial: 7 Generated: 3066
Size: 50 Trial: 8 Generated: 3066
Size: 50 Trial: 9 Generated: 3066
Size: 50 Trial: 10 Generated: 3066
Size: 50 Trial: 11 Generated: 3066
Size: 50 Trial: 12 Generated: 3066
Size: 50 Trial: 13 Generated: 3066
Size: 50 Trial: 14 Generated: 3066
Size: 50 Trial: 15 Generated: 3066
Size: 50 Trial: 16 Generated: 3066
Size: 50 Trial: 17 Generated: 3066
Size: 50 Trial: 18 Generated: 3066
Size: 50 Trial: 19 Generated: 3066
Size: 50 Trial: 20 Generated: 3066
Size: 50 Trial: 21 Generated: 3066
Size: 50 Trial: 22 Generated: 3066
Size: 50 Trial: 23 Generated: 3066
Size: 50 Trial: 24 Generated: 3066
Size: 100 Trial: 0 Generated: 3066
Size: 100 Trial: 1 Generated: 3066
Size: 100 Trial: 2 Generated: 3066
Size: 100 Trial: 3 Generated: 3066
Size: 100 Trial: 4 Generated: 3066
Size: 100 Trial: 5 Generated: 3066
Size: 100 Trial: 6 Generated: 3066
Size: 100 Trial: 7 Generated: 3066
Size: 100 Trial: 8 Generated: 3066
Size: 100 Trial: 9 Generated: 3066
Size: 100 Trial: 10 Generated: 3066
Size: 100 Trial: 11 Generated: 3066
Size: 100 Trial: 12 Generated: 3066
Size: 100 Trial: 13 Generated: 3066
Size: 100 Trial: 14 Generated: 3066
Size: 100 Trial: 15 Generated: 3066
Size: 100 Trial: 16 Generated: 3066
Size: 100 Trial: 17 Generated: 3066
Size: 100 Trial: 18 Generated: 3066
Size: 100 Trial: 19 Generated: 3066
Size: 100 Trial: 20 Generated: 3066
Size: 100 Trial: 21 Generated: 3066
Size: 100 Trial: 22 Generated: 3066
Size: 100 Trial: 23 Generated: 3066
Size: 100 Trial: 24 Generated: 3066
